0.000000 	 0.000000 	 14.000000 	 15.000000
10.000000 	 0.000000 	 14.000000 	 15.000000
20.000000 	 0.000000 	 14.000000 	 14.980617
30.000000 	 0.000000 	 14.000000 	 14.961609
40.000000 	 0.000000 	 14.000000 	 14.942969
50.000000 	 0.000000 	 14.000000 	 14.924691
60.000000 	 0.000000 	 14.000000 	 14.906768
70.000000 	 0.000000 	 14.000000 	 14.889192
80.000000 	 100.000000 	 14.000000 	 14.871956
90.000000 	 100.000000 	 14.000000 	 15.280560
100.000000 	 100.000000 	 14.000000 	 15.681244
110.000000 	 100.000000 	 14.000000 	 16.074162
120.000000 	 100.000000 	 14.000000 	 16.459463
130.000000 	 100.000000 	 14.000000 	 16.837296
140.000000 	 100.000000 	 14.000000 	 17.207804
150.000000 	 100.000000 	 14.000000 	 17.571131
160.000000 	 100.000000 	 14.000000 	 17.927416
170.000000 	 100.000000 	 14.000000 	 18.276794
180.000000 	 100.000000 	 14.000000 	 18.619402
190.000000 	 100.000000 	 14.000000 	 18.955368
200.000000 	 100.000000 	 14.000000 	 19.284822
210.000000 	 100.000000 	 14.000000 	 19.607891
220.000000 	 100.000000 	 14.000000 	 19.924696
230.000000 	 100.000000 	 14.000000 	 20.235361
240.000000 	 100.000000 	 14.000000 	 20.540005
250.000000 	 100.000000 	 14.000000 	 20.838741
260.000000 	 100.000000 	 14.000000 	 21.131689
270.000000 	 100.000000 	 14.000000 	 21.418959
280.000000 	 100.000000 	 14.000000 	 21.700659
290.000000 	 100.000000 	 14.000000 	 21.976900
300.000000 	 100.000000 	 14.000000 	 22.247786
310.000000 	 100.000000 	 14.000000 	 22.513420
320.000000 	 100.000000 	 14.000000 	 22.773907
330.000000 	 100.000000 	 14.000000 	 23.029345
340.000000 	 100.000000 	 14.000000 	 23.279829
350.000000 	 100.000000 	 14.000000 	 23.525459
360.000000 	 100.000000 	 14.000000 	 23.766329
370.000000 	 100.000000 	 14.000000 	 24.002529
380.000000 	 100.000000 	 14.000000 	 24.234150
390.000000 	 100.000000 	 14.000000 	 24.461281
400.000000 	 100.000000 	 14.000000 	 24.684011
410.000000 	 100.000000 	 14.000000 	 24.902424
420.000000 	 100.000000 	 14.000000 	 25.116602
430.000000 	 100.000000 	 14.000000 	 25.326630
440.000000 	 100.000000 	 14.000000 	 25.532587
450.000000 	 100.000000 	 14.000000 	 25.734550
460.000000 	 100.000000 	 14.000000 	 25.932600
470.000000 	 100.000000 	 14.000000 	 26.126810
480.000000 	 100.000000 	 14.000000 	 26.317257
490.000000 	 100.000000 	 14.000000 	 26.504013
500.000000 	 100.000000 	 14.000000 	 26.687147
510.000000 	 100.000000 	 14.000000 	 26.866734
520.000000 	 100.000000 	 14.000000 	 27.042837
530.000000 	 100.000000 	 14.000000 	 27.215528
540.000000 	 100.000000 	 14.000000 	 27.384871
550.000000 	 100.000000 	 14.000000 	 27.550932
560.000000 	 100.000000 	 14.000000 	 27.713772
570.000000 	 100.000000 	 14.000000 	 27.873457
580.000000 	 100.000000 	 14.000000 	 28.030048
590.000000 	 100.000000 	 14.000000 	 28.183603
600.000000 	 100.000000 	 14.000000 	 28.334181
610.000000 	 100.000000 	 14.000000 	 28.481840
620.000000 	 100.000000 	 14.000000 	 28.626638
630.000000 	 100.000000 	 14.000000 	 28.768629
640.000000 	 100.000000 	 14.000000 	 28.907867
650.000000 	 100.000000 	 14.000000 	 29.044407
660.000000 	 100.000000 	 14.000000 	 29.178301
670.000000 	 100.000000 	 14.000000 	 29.309597
680.000000 	 100.000000 	 14.000000 	 29.438349
690.000000 	 100.000000 	 14.000000 	 29.564608
700.000000 	 100.000000 	 14.000000 	 29.688417
710.000000 	 100.000000 	 14.000000 	 29.809828
720.000000 	 100.000000 	 14.000000 	 29.928885
730.000000 	 100.000000 	 14.000000 	 30.045631
740.000000 	 100.000000 	 14.000000 	 30.160118
750.000000 	 100.000000 	 14.000000 	 30.272385
760.000000 	 100.000000 	 14.000000 	 30.382475
770.000000 	 100.000000 	 14.000000 	 30.490433
780.000000 	 100.000000 	 14.000000 	 30.596296
790.000000 	 100.000000 	 14.000000 	 30.700108
800.000000 	 81.653664 	 14.000000 	 30.801907
810.000000 	 0.000000 	 14.000000 	 30.823669
820.000000 	 0.000000 	 14.000000 	 30.497568
830.000000 	 0.000000 	 14.000000 	 30.177790
840.000000 	 0.000000 	 14.000000 	 29.864208
850.000000 	 0.000000 	 14.000000 	 29.556704
860.000000 	 0.000000 	 14.000000 	 29.255161
870.000000 	 0.000000 	 14.000000 	 28.959463
880.000000 	 0.000000 	 14.000000 	 28.669497
890.000000 	 0.000000 	 14.000000 	 28.385151
900.000000 	 0.000000 	 14.000000 	 28.106316
910.000000 	 0.000000 	 14.000000 	 27.832888
920.000000 	 0.000000 	 14.000000 	 27.564758
930.000000 	 0.000000 	 14.000000 	 27.301826
940.000000 	 0.000000 	 14.000000 	 27.043991
950.000000 	 0.000000 	 14.000000 	 26.791153
960.000000 	 0.000000 	 14.000000 	 26.543215
970.000000 	 0.000000 	 14.000000 	 26.300085
980.000000 	 0.000000 	 14.000000 	 26.061666
990.000000 	 0.000000 	 14.000000 	 25.827869
1000.000000 	 0.000000 	 14.000000 	 25.598604
1010.000000 	 0.000000 	 14.000000 	 25.373783
1020.000000 	 0.000000 	 14.000000 	 25.153320
1030.000000 	 0.000000 	 14.000000 	 24.937130
1040.000000 	 0.000000 	 14.000000 	 24.725130
1050.000000 	 0.000000 	 14.000000 	 24.517241
1060.000000 	 0.000000 	 14.000000 	 24.313381
1070.000000 	 0.000000 	 14.000000 	 24.113472
1080.000000 	 0.000000 	 14.000000 	 23.917437
1090.000000 	 0.000000 	 14.000000 	 23.725203
1100.000000 	 0.000000 	 14.000000 	 23.536694
1110.000000 	 0.000000 	 14.000000 	 23.351839
1120.000000 	 0.000000 	 14.000000 	 23.170568
1130.000000 	 0.000000 	 14.000000 	 22.992811
1140.000000 	 0.000000 	 14.000000 	 22.818501
1150.000000 	 0.000000 	 14.000000 	 22.647568
1160.000000 	 0.000000 	 14.000000 	 22.479948
1170.000000 	 0.000000 	 14.000000 	 22.315577
1180.000000 	 0.000000 	 14.000000 	 22.154392
1190.000000 	 72.706604 	 14.000000 	 21.996330
1200.000000 	 100.000000 	 14.000000 	 22.150705
1210.000000 	 100.000000 	 14.000000 	 22.418221
1220.000000 	 100.000000 	 14.000000 	 22.680552
1230.000000 	 100.000000 	 14.000000 	 22.937798
1240.000000 	 100.000000 	 14.000000 	 23.190058
1250.000000 	 100.000000 	 14.000000 	 23.437429
1260.000000 	 100.000000 	 14.000000 	 23.680006
1270.000000 	 100.000000 	 14.000000 	 23.917879
1280.000000 	 100.000000 	 14.000000 	 24.151140
1290.000000 	 100.000000 	 14.000000 	 24.379881
1300.000000 	 100.000000 	 14.000000 	 24.604189
1310.000000 	 100.000000 	 14.000000 	 24.824148
1320.000000 	 100.000000 	 14.000000 	 25.039845
1330.000000 	 100.000000 	 14.000000 	 25.251360
1340.000000 	 100.000000 	 14.000000 	 25.458775
1350.000000 	 100.000000 	 14.000000 	 25.662169
1360.000000 	 100.000000 	 14.000000 	 25.861620
1370.000000 	 100.000000 	 14.000000 	 26.057205
1380.000000 	 100.000000 	 14.000000 	 26.249001
1390.000000 	 100.000000 	 14.000000 	 26.437078
1400.000000 	 100.000000 	 14.000000 	 26.621510
1410.000000 	 100.000000 	 14.000000 	 26.802366
1420.000000 	 100.000000 	 14.000000 	 26.979719
1430.000000 	 100.000000 	 14.000000 	 27.153633
1440.000000 	 100.000000 	 14.000000 	 27.324175
1450.000000 	 100.000000 	 14.000000 	 27.491411
1460.000000 	 100.000000 	 14.000000 	 27.655407
1470.000000 	 100.000000 	 14.000000 	 27.816225
1480.000000 	 100.000000 	 14.000000 	 27.973925
1490.000000 	 100.000000 	 14.000000 	 28.128567
1500.000000 	 100.000000 	 14.000000 	 28.280210
1510.000000 	 100.000000 	 14.000000 	 28.428917
1520.000000 	 100.000000 	 14.000000 	 28.574739
1530.000000 	 100.000000 	 14.000000 	 28.717737
1540.000000 	 100.000000 	 14.000000 	 28.857962
1550.000000 	 100.000000 	 14.000000 	 28.995468
1560.000000 	 100.000000 	 14.000000 	 29.130310
1570.000000 	 100.000000 	 14.000000 	 29.262537
1580.000000 	 100.000000 	 14.000000 	 29.392202
1590.000000 	 100.000000 	 14.000000 	 29.519354
1600.000000 	 100.000000 	 14.000000 	 29.644041
1610.000000 	 100.000000 	 14.000000 	 29.766312
1620.000000 	 100.000000 	 14.000000 	 29.886211
1630.000000 	 100.000000 	 14.000000 	 30.003786
1640.000000 	 100.000000 	 14.000000 	 30.119081
1650.000000 	 100.000000 	 14.000000 	 30.232143
1660.000000 	 100.000000 	 14.000000 	 30.343014
1670.000000 	 100.000000 	 14.000000 	 30.451736
1680.000000 	 52.232574 	 14.000000 	 30.558350
1690.000000 	 0.000000 	 14.000000 	 30.459644
1700.000000 	 0.000000 	 14.000000 	 30.140600
1710.000000 	 0.000000 	 14.000000 	 29.827740
1720.000000 	 0.000000 	 14.000000 	 29.520943
1730.000000 	 0.000000 	 14.000000 	 29.220095
1740.000000 	 0.000000 	 14.000000 	 28.925076
1750.000000 	 0.000000 	 14.000000 	 28.635777
1760.000000 	 0.000000 	 14.000000 	 28.352085
1770.000000 	 0.000000 	 14.000000 	 28.073891
1780.000000 	 0.000000 	 14.000000 	 27.801090
1790.000000 	 0.000000 	 14.000000 	 27.533577
1800.000000 	 0.000000 	 14.000000 	 27.271250
1810.000000 	 0.000000 	 14.000000 	 27.014008
1820.000000 	 0.000000 	 14.000000 	 26.761753
1830.000000 	 0.000000 	 14.000000 	 26.514385
1840.000000 	 0.000000 	 14.000000 	 26.271814
1850.000000 	 0.000000 	 14.000000 	 26.033945
1860.000000 	 0.000000 	 14.000000 	 25.800686
1870.000000 	 0.000000 	 14.000000 	 25.571947
1880.000000 	 0.000000 	 14.000000 	 25.347643
1890.000000 	 0.000000 	 14.000000 	 25.127686
1900.000000 	 0.000000 	 14.000000 	 24.911993
1910.000000 	 0.000000 	 14.000000 	 24.700480
1920.000000 	 0.000000 	 14.000000 	 24.493067
1930.000000 	 0.000000 	 14.000000 	 24.289675
1940.000000 	 0.000000 	 14.000000 	 24.090225
1950.000000 	 0.000000 	 14.000000 	 23.894642
1960.000000 	 0.000000 	 14.000000 	 23.702850
1970.000000 	 0.000000 	 14.000000 	 23.514776
1980.000000 	 0.000000 	 14.000000 	 23.330347
1990.000000 	 0.000000 	 14.000000 	 23.149494
2000.000000 	 0.000000 	 14.000000 	 22.972145
2010.000000 	 0.000000 	 14.000000 	 22.798235
2020.000000 	 0.000000 	 14.000000 	 22.627695
2030.000000 	 0.000000 	 14.000000 	 22.460461
2040.000000 	 0.000000 	 14.000000 	 22.296467
2050.000000 	 52.739651 	 14.000000 	 22.135653
2060.000000 	 100.000000 	 14.000000 	 22.202366
2070.000000 	 100.000000 	 14.000000 	 22.468880
2080.000000 	 100.000000 	 14.000000 	 22.730228
2090.000000 	 100.000000 	 14.000000 	 22.986513
2100.000000 	 100.000000 	 14.000000 	 23.237827
2110.000000 	 100.000000 	 14.000000 	 23.484272
2120.000000 	 100.000000 	 14.000000 	 23.725941
2130.000000 	 100.000000 	 14.000000 	 23.962923
2140.000000 	 100.000000 	 14.000000 	 24.195312
2150.000000 	 100.000000 	 14.000000 	 24.423199
2160.000000 	 100.000000 	 14.000000 	 24.646666
2170.000000 	 100.000000 	 14.000000 	 24.865803
2180.000000 	 100.000000 	 14.000000 	 25.080690
2190.000000 	 100.000000 	 14.000000 	 25.291414
2200.000000 	 100.000000 	 14.000000 	 25.498053
2210.000000 	 100.000000 	 14.000000 	 25.700687
2220.000000 	 100.000000 	 14.000000 	 25.899393
2230.000000 	 100.000000 	 14.000000 	 26.094248
2240.000000 	 100.000000 	 14.000000 	 26.285326
2250.000000 	 100.000000 	 14.000000 	 26.472698
2260.000000 	 100.000000 	 14.000000 	 26.656439
2270.000000 	 100.000000 	 14.000000 	 26.836618
2280.000000 	 100.000000 	 14.000000 	 27.013306
2290.000000 	 100.000000 	 14.000000 	 27.186569
2300.000000 	 100.000000 	 14.000000 	 27.356472
2310.000000 	 100.000000 	 14.000000 	 27.523083
2320.000000 	 100.000000 	 14.000000 	 27.686464
2330.000000 	 100.000000 	 14.000000 	 27.846680
2340.000000 	 100.000000 	 14.000000 	 28.003788
2350.000000 	 100.000000 	 14.000000 	 28.157852
2360.000000 	 100.000000 	 14.000000 	 28.308929
2370.000000 	 100.000000 	 14.000000 	 28.457079
2380.000000 	 100.000000 	 14.000000 	 28.602358
2390.000000 	 100.000000 	 14.000000 	 28.744820
2400.000000 	 100.000000 	 14.000000 	 28.884520
2410.000000 	 100.000000 	 14.000000 	 29.021513
2420.000000 	 100.000000 	 14.000000 	 29.155851
2430.000000 	 100.000000 	 14.000000 	 29.287582
2440.000000 	 100.000000 	 14.000000 	 29.416763
2450.000000 	 100.000000 	 14.000000 	 29.543440
2460.000000 	 100.000000 	 14.000000 	 29.667660
2470.000000 	 100.000000 	 14.000000 	 29.789471
2480.000000 	 100.000000 	 14.000000 	 29.908920
2490.000000 	 100.000000 	 14.000000 	 30.026056
2500.000000 	 100.000000 	 14.000000 	 30.140923
2510.000000 	 100.000000 	 14.000000 	 30.253561
2520.000000 	 100.000000 	 14.000000 	 30.364016
2530.000000 	 100.000000 	 14.000000 	 30.472330
2540.000000 	 33.491913 	 14.000000 	 30.578545
2550.000000 	 0.000000 	 14.000000 	 30.399704
2560.000000 	 0.000000 	 14.000000 	 30.081821
2570.000000 	 0.000000 	 14.000000 	 29.770100
2580.000000 	 0.000000 	 14.000000 	 29.464420
2590.000000 	 0.000000 	 14.000000 	 29.164667
2600.000000 	 0.000000 	 14.000000 	 28.870724
2610.000000 	 0.000000 	 14.000000 	 28.582478
2620.000000 	 0.000000 	 14.000000 	 28.299818
2630.000000 	 0.000000 	 14.000000 	 28.022638
2640.000000 	 0.000000 	 14.000000 	 27.750832
2650.000000 	 0.000000 	 14.000000 	 27.484293
2660.000000 	 0.000000 	 14.000000 	 27.222921
2670.000000 	 0.000000 	 14.000000 	 26.966616
2680.000000 	 0.000000 	 14.000000 	 26.715279
2690.000000 	 0.000000 	 14.000000 	 26.468811
2700.000000 	 0.000000 	 14.000000 	 26.227121
2710.000000 	 0.000000 	 14.000000 	 25.990116
2720.000000 	 0.000000 	 14.000000 	 25.757708
2730.000000 	 0.000000 	 14.000000 	 25.529802
2740.000000 	 0.000000 	 14.000000 	 25.306314
2750.000000 	 0.000000 	 14.000000 	 25.087158
2760.000000 	 0.000000 	 14.000000 	 24.872250
2770.000000 	 0.000000 	 14.000000 	 24.661507
2780.000000 	 0.000000 	 14.000000 	 24.454851
2790.000000 	 0.000000 	 14.000000 	 24.252199
2800.000000 	 0.000000 	 14.000000 	 24.053476
2810.000000 	 0.000000 	 14.000000 	 23.858606
2820.000000 	 0.000000 	 14.000000 	 23.667513
2830.000000 	 0.000000 	 14.000000 	 23.480124
2840.000000 	 0.000000 	 14.000000 	 23.296368
2850.000000 	 0.000000 	 14.000000 	 23.116171
2860.000000 	 0.000000 	 14.000000 	 22.939466
2870.000000 	 0.000000 	 14.000000 	 22.766190
2880.000000 	 0.000000 	 14.000000 	 22.596270
2890.000000 	 0.000000 	 14.000000 	 22.429644
2900.000000 	 0.000000 	 14.000000 	 22.266247
2910.000000 	 66.992996 	 14.000000 	 22.106018
2920.000000 	 100.000000 	 14.000000 	 22.233953
2930.000000 	 100.000000 	 14.000000 	 22.499855
2940.000000 	 100.000000 	 14.000000 	 22.760605
2950.000000 	 100.000000 	 14.000000 	 23.016300
2960.000000 	 100.000000 	 14.000000 	 23.267038
2970.000000 	 100.000000 	 14.000000 	 23.512917
2980.000000 	 100.000000 	 14.000000 	 23.754028
2990.000000 	 100.000000 	 14.000000 	 23.990469
3000.000000 	 100.000000 	 14.000000 	 24.222324
3010.000000 	 100.000000 	 14.000000 	 24.449688
3020.000000 	 100.000000 	 14.000000 	 24.672642
3030.000000 	 100.000000 	 14.000000 	 24.891273
3040.000000 	 100.000000 	 14.000000 	 25.105667
3050.000000 	 100.000000 	 14.000000 	 25.315907
3060.000000 	 100.000000 	 14.000000 	 25.522072
3070.000000 	 100.000000 	 14.000000 	 25.724239
3080.000000 	 100.000000 	 14.000000 	 25.922489
3090.000000 	 100.000000 	 14.000000 	 26.116898
3100.000000 	 100.000000 	 14.000000 	 26.307537
3110.000000 	 100.000000 	 14.000000 	 26.494478
3120.000000 	 100.000000 	 14.000000 	 26.677799
3130.000000 	 100.000000 	 14.000000 	 26.857567
3140.000000 	 100.000000 	 14.000000 	 27.033850
3150.000000 	 100.000000 	 14.000000 	 27.206715
3160.000000 	 100.000000 	 14.000000 	 27.376228
3170.000000 	 100.000000 	 14.000000 	 27.542456
3180.000000 	 100.000000 	 14.000000 	 27.705463
3190.000000 	 100.000000 	 14.000000 	 27.865311
3200.000000 	 100.000000 	 14.000000 	 28.022058
3210.000000 	 100.000000 	 14.000000 	 28.175768
3220.000000 	 100.000000 	 14.000000 	 28.326498
3230.000000 	 100.000000 	 14.000000 	 28.474306
3240.000000 	 100.000000 	 14.000000 	 28.619249
3250.000000 	 100.000000 	 14.000000 	 28.761383
3260.000000 	 100.000000 	 14.000000 	 28.900761
3270.000000 	 100.000000 	 14.000000 	 29.037439
3280.000000 	 100.000000 	 14.000000 	 29.171467
3290.000000 	 100.000000 	 14.000000 	 29.302896
3300.000000 	 100.000000 	 14.000000 	 29.431778
3310.000000 	 100.000000 	 14.000000 	 29.558161
3320.000000 	 100.000000 	 14.000000 	 29.682095
3330.000000 	 100.000000 	 14.000000 	 29.803627
3340.000000 	 100.000000 	 14.000000 	 29.922804
3350.000000 	 100.000000 	 14.000000 	 30.039669
3360.000000 	 100.000000 	 14.000000 	 30.154272
3370.000000 	 100.000000 	 14.000000 	 30.266651
3380.000000 	 100.000000 	 14.000000 	 30.376852
3390.000000 	 100.000000 	 14.000000 	 30.484917
3400.000000 	 22.663641 	 14.000000 	 30.590887
3410.000000 	 0.000000 	 14.000000 	 30.365732
3420.000000 	 0.000000 	 14.000000 	 30.048508
3430.000000 	 0.000000 	 14.000000 	 29.737432
3440.000000 	 0.000000 	 14.000000 	 29.432386
3450.000000 	 0.000000 	 14.000000 	 29.133255
3460.000000 	 0.000000 	 14.000000 	 28.839920
3470.000000 	 0.000000 	 14.000000 	 28.552271
3480.000000 	 0.000000 	 14.000000 	 28.270199
3490.000000 	 0.000000 	 14.000000 	 27.993593
3500.000000 	 0.000000 	 14.000000 	 27.722347
3510.000000 	 0.000000 	 14.000000 	 27.456360
3520.000000 	 0.000000 	 14.000000 	 27.195528
3530.000000 	 0.000000 	 14.000000 	 26.939753
3540.000000 	 0.000000 	 14.000000 	 26.688936
3550.000000 	 0.000000 	 14.000000 	 26.442980
3560.000000 	 0.000000 	 14.000000 	 26.201792
3570.000000 	 0.000000 	 14.000000 	 25.965279
3580.000000 	 0.000000 	 14.000000 	 25.733349
3590.000000 	 0.000000 	 14.000000 	 25.505917
3600.000000 	 0.000000 	 14.000000 	 25.282892
3610.000000 	 0.000000 	 14.000000 	 25.064190
3620.000000 	 0.000000 	 14.000000 	 24.849728
3630.000000 	 0.000000 	 14.000000 	 24.639421
3640.000000 	 0.000000 	 14.000000 	 24.433193
3650.000000 	 0.000000 	 14.000000 	 24.230961
3660.000000 	 0.000000 	 14.000000 	 24.032650
3670.000000 	 0.000000 	 14.000000 	 23.838184
3680.000000 	 0.000000 	 14.000000 	 23.647486
3690.000000 	 0.000000 	 14.000000 	 23.460485
3700.000000 	 0.000000 	 14.000000 	 23.277109
3710.000000 	 0.000000 	 14.000000 	 23.097286
3720.000000 	 0.000000 	 14.000000 	 22.920950
3730.000000 	 0.000000 	 14.000000 	 22.748032
3740.000000 	 0.000000 	 14.000000 	 22.578465
3750.000000 	 0.000000 	 14.000000 	 22.412184
3760.000000 	 0.000000 	 14.000000 	 22.249125
3770.000000 	 74.932228 	 14.000000 	 22.089228
3780.000000 	 100.000000 	 14.000000 	 22.251272
3790.000000 	 100.000000 	 14.000000 	 22.516840
3800.000000 	 100.000000 	 14.000000 	 22.777260
3810.000000 	 100.000000 	 14.000000 	 23.032631
3820.000000 	 100.000000 	 14.000000 	 23.283052
3830.000000 	 100.000000 	 14.000000 	 23.528620
3840.000000 	 100.000000 	 14.000000 	 23.769428
3850.000000 	 100.000000 	 14.000000 	 24.005569
3860.000000 	 100.000000 	 14.000000 	 24.237131
3870.000000 	 100.000000 	 14.000000 	 24.464207
3880.000000 	 100.000000 	 14.000000 	 24.686878
3890.000000 	 100.000000 	 14.000000 	 24.905237
3900.000000 	 100.000000 	 14.000000 	 25.119360
3910.000000 	 100.000000 	 14.000000 	 25.329334
3920.000000 	 100.000000 	 14.000000 	 25.535238
3930.000000 	 100.000000 	 14.000000 	 25.737152
3940.000000 	 100.000000 	 14.000000 	 25.935150
3950.000000 	 100.000000 	 14.000000 	 26.129313
3960.000000 	 100.000000 	 14.000000 	 26.319712
3970.000000 	 100.000000 	 14.000000 	 26.506418
3980.000000 	 100.000000 	 14.000000 	 26.689507
3990.000000 	 100.000000 	 14.000000 	 26.869047
4000.000000 	 100.000000 	 14.000000 	 27.045107
4010.000000 	 100.000000 	 14.000000 	 27.217752
4020.000000 	 100.000000 	 14.000000 	 27.387053
4030.000000 	 100.000000 	 14.000000 	 27.553072
4040.000000 	 100.000000 	 14.000000 	 27.715872
4050.000000 	 100.000000 	 14.000000 	 27.875517
4060.000000 	 100.000000 	 14.000000 	 28.032066
4070.000000 	 100.000000 	 14.000000 	 28.185581
4080.000000 	 100.000000 	 14.000000 	 28.336121
4090.000000 	 100.000000 	 14.000000 	 28.483742
4100.000000 	 100.000000 	 14.000000 	 28.628504
4110.000000 	 100.000000 	 14.000000 	 28.770458
4120.000000 	 100.000000 	 14.000000 	 28.909662
4130.000000 	 100.000000 	 14.000000 	 29.046167
4140.000000 	 100.000000 	 14.000000 	 29.180025
4150.000000 	 100.000000 	 14.000000 	 29.311289
4160.000000 	 100.000000 	 14.000000 	 29.440008
4170.000000 	 100.000000 	 14.000000 	 29.566233
4180.000000 	 100.000000 	 14.000000 	 29.690010
4190.000000 	 100.000000 	 14.000000 	 29.811388
4200.000000 	 100.000000 	 14.000000 	 29.930414
4210.000000 	 100.000000 	 14.000000 	 30.047132
4220.000000 	 100.000000 	 14.000000 	 30.161591
4230.000000 	 100.000000 	 14.000000 	 30.273829
4240.000000 	 100.000000 	 14.000000 	 30.383892
4250.000000 	 100.000000 	 14.000000 	 30.491821
4260.000000 	 16.731478 	 14.000000 	 30.597658
4270.000000 	 0.000000 	 14.000000 	 30.347132
4280.000000 	 0.000000 	 14.000000 	 30.030268
4290.000000 	 0.000000 	 14.000000 	 29.719545
4300.000000 	 0.000000 	 14.000000 	 29.414846
4310.000000 	 0.000000 	 14.000000 	 29.116053
4320.000000 	 0.000000 	 14.000000 	 28.823050
4330.000000 	 0.000000 	 14.000000 	 28.535727
4340.000000 	 0.000000 	 14.000000 	 28.253973
4350.000000 	 0.000000 	 14.000000 	 27.977680
4360.000000 	 0.000000 	 14.000000 	 27.706743
4370.000000 	 0.000000 	 14.000000 	 27.441059
4380.000000 	 0.000000 	 14.000000 	 27.180525
4390.000000 	 0.000000 	 14.000000 	 26.925039
4400.000000 	 0.000000 	 14.000000 	 26.674507
4410.000000 	 0.000000 	 14.000000 	 26.428831
4420.000000 	 0.000000 	 14.000000 	 26.187918
4430.000000 	 0.000000 	 14.000000 	 25.951674
4440.000000 	 0.000000 	 14.000000 	 25.720009
4450.000000 	 0.000000 	 14.000000 	 25.492834
4460.000000 	 0.000000 	 14.000000 	 25.270063
4470.000000 	 0.000000 	 14.000000 	 25.051611
4480.000000 	 0.000000 	 14.000000 	 24.837393
4490.000000 	 0.000000 	 14.000000 	 24.627325
4500.000000 	 0.000000 	 14.000000 	 24.421331
4510.000000 	 0.000000 	 14.000000 	 24.219330
4520.000000 	 0.000000 	 14.000000 	 24.021246
4530.000000 	 0.000000 	 14.000000 	 23.826998
4540.000000 	 0.000000 	 14.000000 	 23.636517
4550.000000 	 0.000000 	 14.000000 	 23.449728
4560.000000 	 0.000000 	 14.000000 	 23.266562
4570.000000 	 0.000000 	 14.000000 	 23.086945
4580.000000 	 0.000000 	 14.000000 	 22.910809
4590.000000 	 0.000000 	 14.000000 	 22.738087
4600.000000 	 0.000000 	 14.000000 	 22.568714
4610.000000 	 0.000000 	 14.000000 	 22.402622
4620.000000 	 2.778278 	 14.000000 	 22.239750
4630.000000 	 79.213043 	 14.000000 	 22.091858
4640.000000 	 100.000000 	 14.000000 	 22.272066
4650.000000 	 100.000000 	 14.000000 	 22.537231
4660.000000 	 100.000000 	 14.000000 	 22.797256
4670.000000 	 100.000000 	 14.000000 	 23.052242
4680.000000 	 100.000000 	 14.000000 	 23.302284
4690.000000 	 100.000000 	 14.000000 	 23.547478
4700.000000 	 100.000000 	 14.000000 	 23.787922
4710.000000 	 100.000000 	 14.000000 	 24.023703
4720.000000 	 100.000000 	 14.000000 	 24.254913
4730.000000 	 100.000000 	 14.000000 	 24.481644
4740.000000 	 100.000000 	 14.000000 	 24.703979
4750.000000 	 100.000000 	 14.000000 	 24.922005
4760.000000 	 100.000000 	 14.000000 	 25.135805
4770.000000 	 100.000000 	 14.000000 	 25.345461
4780.000000 	 100.000000 	 14.000000 	 25.551052
4790.000000 	 100.000000 	 14.000000 	 25.752659
4800.000000 	 100.000000 	 14.000000 	 25.950357
4810.000000 	 100.000000 	 14.000000 	 26.144224
4820.000000 	 100.000000 	 14.000000 	 26.334333
4830.000000 	 100.000000 	 14.000000 	 26.520758
4840.000000 	 100.000000 	 14.000000 	 26.703568
4850.000000 	 100.000000 	 14.000000 	 26.882833
4860.000000 	 100.000000 	 14.000000 	 27.058624
4870.000000 	 100.000000 	 14.000000 	 27.231009
4880.000000 	 100.000000 	 14.000000 	 27.400053
4890.000000 	 100.000000 	 14.000000 	 27.565821
4900.000000 	 100.000000 	 14.000000 	 27.728374
4910.000000 	 100.000000 	 14.000000 	 27.887777
4920.000000 	 100.000000 	 14.000000 	 28.044088
4930.000000 	 100.000000 	 14.000000 	 28.197371
4940.000000 	 100.000000 	 14.000000 	 28.347681
4950.000000 	 100.000000 	 14.000000 	 28.495079
4960.000000 	 100.000000 	 14.000000 	 28.639620
4970.000000 	 100.000000 	 14.000000 	 28.781359
4980.000000 	 100.000000 	 14.000000 	 28.920351
4990.000000 	 100.000000 	 14.000000 	 29.056650
5000.000000 	 100.000000 	 14.000000 	 29.190306
5010.000000 	 100.000000 	 14.000000 	 29.321371
5020.000000 	 100.000000 	 14.000000 	 29.449896
5030.000000 	 100.000000 	 14.000000 	 29.575930
5040.000000 	 100.000000 	 14.000000 	 29.699520
5050.000000 	 100.000000 	 14.000000 	 29.820717
5060.000000 	 100.000000 	 14.000000 	 29.939562
5070.000000 	 100.000000 	 14.000000 	 30.056105
5080.000000 	 100.000000 	 14.000000 	 30.170387
5090.000000 	 100.000000 	 14.000000 	 30.282455
5100.000000 	 100.000000 	 14.000000 	 30.392351
5110.000000 	 100.000000 	 14.000000 	 30.500116
5120.000000 	 9.480931 	 14.000000 	 30.605793
5130.000000 	 0.000000 	 14.000000 	 30.324257
5140.000000 	 0.000000 	 14.000000 	 30.007835
5150.000000 	 0.000000 	 14.000000 	 29.697550
5160.000000 	 0.000000 	 14.000000 	 29.393276
5170.000000 	 0.000000 	 14.000000 	 29.094902
5180.000000 	 0.000000 	 14.000000 	 28.802311
5190.000000 	 0.000000 	 14.000000 	 28.515390
5200.000000 	 0.000000 	 14.000000 	 28.234032
5210.000000 	 0.000000 	 14.000000 	 27.958128
5220.000000 	 0.000000 	 14.000000 	 27.687571
5230.000000 	 0.000000 	 14.000000 	 27.422258
5240.000000 	 0.000000 	 14.000000 	 27.162086
5250.000000 	 0.000000 	 14.000000 	 26.906960
5260.000000 	 0.000000 	 14.000000 	 26.656778
5270.000000 	 0.000000 	 14.000000 	 26.411448
5280.000000 	 0.000000 	 14.000000 	 26.170872
5290.000000 	 0.000000 	 14.000000 	 25.934958
5300.000000 	 0.000000 	 14.000000 	 25.703617
5310.000000 	 0.000000 	 14.000000 	 25.476761
5320.000000 	 0.000000 	 14.000000 	 25.254303
5330.000000 	 0.000000 	 14.000000 	 25.036156
5340.000000 	 0.000000 	 14.000000 	 24.822237
5350.000000 	 0.000000 	 14.000000 	 24.612465
5360.000000 	 0.000000 	 14.000000 	 24.406759
5370.000000 	 0.000000 	 14.000000 	 24.205040
5380.000000 	 0.000000 	 14.000000 	 24.007231
5390.000000 	 0.000000 	 14.000000 	 23.813255
5400.000000 	 0.000000 	 14.000000 	 23.623039
5410.000000 	 0.000000 	 14.000000 	 23.436512
5420.000000 	 0.000000 	 14.000000 	 23.253599
5430.000000 	 0.000000 	 14.000000 	 23.074234
5440.000000 	 0.000000 	 14.000000 	 22.898344
5450.000000 	 0.000000 	 14.000000 	 22.725863
5460.000000 	 0.000000 	 14.000000 	 22.556725
5470.000000 	 0.000000 	 14.000000 	 22.390865
5480.000000 	 7.909280 	 14.000000 	 22.228220
5490.000000 	 84.461349 	 14.000000 	 22.102383
5500.000000 	 100.000000 	 14.000000 	 22.304720
5510.000000 	 100.000000 	 14.000000 	 22.569252
5520.000000 	 100.000000 	 14.000000 	 22.828655
5530.000000 	 100.000000 	 14.000000 	 23.083031
5540.000000 	 100.000000 	 14.000000 	 23.332476
5550.000000 	 100.000000 	 14.000000 	 23.577085
5560.000000 	 100.000000 	 14.000000 	 23.816954
5570.000000 	 100.000000 	 14.000000 	 24.052172
5580.000000 	 100.000000 	 14.000000 	 24.282831
5590.000000 	 100.000000 	 14.000000 	 24.509020
5600.000000 	 100.000000 	 14.000000 	 24.730825
5610.000000 	 100.000000 	 14.000000 	 24.948332
5620.000000 	 100.000000 	 14.000000 	 25.161619
5630.000000 	 100.000000 	 14.000000 	 25.370773
5640.000000 	 100.000000 	 14.000000 	 25.575874
5650.000000 	 100.000000 	 14.000000 	 25.777000
5660.000000 	 100.000000 	 14.000000 	 25.974228
5670.000000 	 100.000000 	 14.000000 	 26.167631
5680.000000 	 100.000000 	 14.000000 	 26.357285
5690.000000 	 100.000000 	 14.000000 	 26.543264
5700.000000 	 100.000000 	 14.000000 	 26.725637
5710.000000 	 100.000000 	 14.000000 	 26.904474
5720.000000 	 100.000000 	 14.000000 	 27.079847
5730.000000 	 100.000000 	 14.000000 	 27.251820
5740.000000 	 100.000000 	 14.000000 	 27.420458
5750.000000 	 100.000000 	 14.000000 	 27.585829
5760.000000 	 100.000000 	 14.000000 	 27.747993
5770.000000 	 100.000000 	 14.000000 	 27.907015
5780.000000 	 100.000000 	 14.000000 	 28.062954
5790.000000 	 100.000000 	 14.000000 	 28.215872
5800.000000 	 100.000000 	 14.000000 	 28.365826
5810.000000 	 100.000000 	 14.000000 	 28.512873
5820.000000 	 100.000000 	 14.000000 	 28.657070
5830.000000 	 100.000000 	 14.000000 	 28.798470
5840.000000 	 100.000000 	 14.000000 	 28.937128
5850.000000 	 100.000000 	 14.000000 	 29.073101
5860.000000 	 100.000000 	 14.000000 	 29.206438
5870.000000 	 100.000000 	 14.000000 	 29.337189
5880.000000 	 100.000000 	 14.000000 	 29.465406
5890.000000 	 100.000000 	 14.000000 	 29.591139
5900.000000 	 100.000000 	 14.000000 	 29.714434
5910.000000 	 100.000000 	 14.000000 	 29.835339
5920.000000 	 100.000000 	 14.000000 	 29.953901
5930.000000 	 100.000000 	 14.000000 	 30.070164
5940.000000 	 100.000000 	 14.000000 	 30.184175
5950.000000 	 100.000000 	 14.000000 	 30.295975
5960.000000 	 100.000000 	 14.000000 	 30.405607
5970.000000 	 90.482780 	 14.000000 	 30.513117
5980.000000 	 0.000000 	 14.000000 	 30.578047
5990.000000 	 0.000000 	 14.000000 	 30.256706
6000.000000 	 0.000000 	 14.000000 	 29.941595
6010.000000 	 0.000000 	 14.000000 	 29.632591
6020.000000 	 0.000000 	 14.000000 	 29.329578
6030.000000 	 0.000000 	 14.000000 	 29.032438
6040.000000 	 0.000000 	 14.000000 	 28.741058
6050.000000 	 0.000000 	 14.000000 	 28.455326
6060.000000 	 0.000000 	 14.000000 	 28.175131
6070.000000 	 0.000000 	 14.000000 	 27.900368
6080.000000 	 0.000000 	 14.000000 	 27.630930
6090.000000 	 0.000000 	 14.000000 	 27.366716
6100.000000 	 0.000000 	 14.000000 	 27.107624
6110.000000 	 0.000000 	 14.000000 	 26.853554
6120.000000 	 0.000000 	 14.000000 	 26.604408
6130.000000 	 0.000000 	 14.000000 	 26.360092
6140.000000 	 0.000000 	 14.000000 	 26.120510
6150.000000 	 0.000000 	 14.000000 	 25.885572
6160.000000 	 0.000000 	 14.000000 	 25.655190
6170.000000 	 0.000000 	 14.000000 	 25.429272
6180.000000 	 0.000000 	 14.000000 	 25.207731
6190.000000 	 0.000000 	 14.000000 	 24.990486
6200.000000 	 0.000000 	 14.000000 	 24.777452
6210.000000 	 0.000000 	 14.000000 	 24.568548
6220.000000 	 0.000000 	 14.000000 	 24.363693
6230.000000 	 0.000000 	 14.000000 	 24.162809
6240.000000 	 0.000000 	 14.000000 	 23.965818
6250.000000 	 0.000000 	 14.000000 	 23.772646
6260.000000 	 0.000000 	 14.000000 	 23.583218
6270.000000 	 0.000000 	 14.000000 	 23.397461
6280.000000 	 0.000000 	 14.000000 	 23.215305
6290.000000 	 0.000000 	 14.000000 	 23.036680
6300.000000 	 0.000000 	 14.000000 	 22.861519
6310.000000 	 0.000000 	 14.000000 	 22.689751
6320.000000 	 0.000000 	 14.000000 	 22.521313
6330.000000 	 0.000000 	 14.000000 	 22.356138
6340.000000 	 25.411304 	 14.000000 	 22.194166
6350.000000 	 100.000000 	 14.000000 	 22.143461
6360.000000 	 100.000000 	 14.000000 	 22.411118
6370.000000 	 100.000000 	 14.000000 	 22.673588
6380.000000 	 100.000000 	 14.000000 	 22.930969
6390.000000 	 100.000000 	 14.000000 	 23.183361
6400.000000 	 100.000000 	 14.000000 	 23.430861
6410.000000 	 100.000000 	 14.000000 	 23.673563
6420.000000 	 100.000000 	 14.000000 	 23.911562
6430.000000 	 100.000000 	 14.000000 	 24.144947
6440.000000 	 100.000000 	 14.000000 	 24.373810
6450.000000 	 100.000000 	 14.000000 	 24.598236
6460.000000 	 100.000000 	 14.000000 	 24.818312
6470.000000 	 100.000000 	 14.000000 	 25.034121
6480.000000 	 100.000000 	 14.000000 	 25.245747
6490.000000 	 100.000000 	 14.000000 	 25.453272
6500.000000 	 100.000000 	 14.000000 	 25.656775
6510.000000 	 100.000000 	 14.000000 	 25.856333
6520.000000 	 100.000000 	 14.000000 	 26.052021
6530.000000 	 100.000000 	 14.000000 	 26.243916
6540.000000 	 100.000000 	 14.000000 	 26.432091
6550.000000 	 100.000000 	 14.000000 	 26.616619
6560.000000 	 100.000000 	 14.000000 	 26.797571
6570.000000 	 100.000000 	 14.000000 	 26.975016
6580.000000 	 100.000000 	 14.000000 	 27.149021
6590.000000 	 100.000000 	 14.000000 	 27.319653
6600.000000 	 100.000000 	 14.000000 	 27.486977
6610.000000 	 100.000000 	 14.000000 	 27.651058
6620.000000 	 100.000000 	 14.000000 	 27.811958
6630.000000 	 100.000000 	 14.000000 	 27.969740
6640.000000 	 100.000000 	 14.000000 	 28.124464
6650.000000 	 100.000000 	 14.000000 	 28.276188
6660.000000 	 100.000000 	 14.000000 	 28.424973
6670.000000 	 100.000000 	 14.000000 	 28.570873
6680.000000 	 100.000000 	 14.000000 	 28.713945
6690.000000 	 100.000000 	 14.000000 	 28.854244
6700.000000 	 100.000000 	 14.000000 	 28.991821
6710.000000 	 100.000000 	 14.000000 	 29.126732
6720.000000 	 100.000000 	 14.000000 	 29.259029
6730.000000 	 100.000000 	 14.000000 	 29.388762
6740.000000 	 100.000000 	 14.000000 	 29.515980
6750.000000 	 100.000000 	 14.000000 	 29.640732
6760.000000 	 100.000000 	 14.000000 	 29.763067
6770.000000 	 100.000000 	 14.000000 	 29.883030
6780.000000 	 100.000000 	 14.000000 	 30.000668
6790.000000 	 100.000000 	 14.000000 	 30.116026
6800.000000 	 100.000000 	 14.000000 	 30.229149
6810.000000 	 100.000000 	 14.000000 	 30.340078
6820.000000 	 100.000000 	 14.000000 	 30.448856
6830.000000 	 53.662514 	 14.000000 	 30.555527
6840.000000 	 0.000000 	 14.000000 	 30.462961
6850.000000 	 0.000000 	 14.000000 	 30.143852
6860.000000 	 0.000000 	 14.000000 	 29.830929
6870.000000 	 0.000000 	 14.000000 	 29.524071
6880.000000 	 0.000000 	 14.000000 	 29.223160
6890.000000 	 0.000000 	 14.000000 	 28.928082
6900.000000 	 0.000000 	 14.000000 	 28.638723
6910.000000 	 0.000000 	 14.000000 	 28.354975
6920.000000 	 0.000000 	 14.000000 	 28.076725
6930.000000 	 0.000000 	 14.000000 	 27.803869
6940.000000 	 0.000000 	 14.000000 	 27.536303
6950.000000 	 0.000000 	 14.000000 	 27.273924
6960.000000 	 0.000000 	 14.000000 	 27.016628
6970.000000 	 0.000000 	 14.000000 	 26.764322
6980.000000 	 0.000000 	 14.000000 	 26.516907
6990.000000 	 0.000000 	 14.000000 	 26.274286
7000.000000 	 0.000000 	 14.000000 	 26.036367
7010.000000 	 0.000000 	 14.000000 	 25.803061
7020.000000 	 0.000000 	 14.000000 	 25.574276
7030.000000 	 0.000000 	 14.000000 	 25.349926
7040.000000 	 0.000000 	 14.000000 	 25.129927
7050.000000 	 0.000000 	 14.000000 	 24.914190
7060.000000 	 0.000000 	 14.000000 	 24.702635
7070.000000 	 0.000000 	 14.000000 	 24.495182
7080.000000 	 0.000000 	 14.000000 	 24.291750
7090.000000 	 0.000000 	 14.000000 	 24.092260
7100.000000 	 0.000000 	 14.000000 	 23.896637
7110.000000 	 0.000000 	 14.000000 	 23.704805
7120.000000 	 0.000000 	 14.000000 	 23.516693
7130.000000 	 0.000000 	 14.000000 	 23.332226
7140.000000 	 0.000000 	 14.000000 	 23.151335
7150.000000 	 0.000000 	 14.000000 	 22.973951
7160.000000 	 0.000000 	 14.000000 	 22.800005
7170.000000 	 0.000000 	 14.000000 	 22.629431
7180.000000 	 0.000000 	 14.000000 	 22.462164
7190.000000 	 0.000000 	 14.000000 	 22.298138
7200.000000 	 52.215218 	 14.000000 	 22.137291
7210.000000 	 100.000000 	 14.000000 	 22.201740
7220.000000 	 100.000000 	 14.000000 	 22.468267
7230.000000 	 100.000000 	 14.000000 	 22.729630
7240.000000 	 100.000000 	 14.000000 	 22.985926
7250.000000 	 100.000000 	 14.000000 	 23.237253
7260.000000 	 100.000000 	 14.000000 	 23.483709
7270.000000 	 100.000000 	 14.000000 	 23.725389
7280.000000 	 100.000000 	 14.000000 	 23.962385
7290.000000 	 100.000000 	 14.000000 	 24.194784
7300.000000 	 100.000000 	 14.000000 	 24.422680
7310.000000 	 100.000000 	 14.000000 	 24.646158
7320.000000 	 100.000000 	 14.000000 	 24.865305
7330.000000 	 100.000000 	 14.000000 	 25.080204
7340.000000 	 100.000000 	 14.000000 	 25.290937
7350.000000 	 100.000000 	 14.000000 	 25.497587
7360.000000 	 100.000000 	 14.000000 	 25.700230
7370.000000 	 100.000000 	 14.000000 	 25.898945
7380.000000 	 100.000000 	 14.000000 	 26.093807
7390.000000 	 100.000000 	 14.000000 	 26.284893
7400.000000 	 100.000000 	 14.000000 	 26.472275
7410.000000 	 100.000000 	 14.000000 	 26.656025
7420.000000 	 100.000000 	 14.000000 	 26.836214
7430.000000 	 100.000000 	 14.000000 	 27.012909
7440.000000 	 100.000000 	 14.000000 	 27.186178
7450.000000 	 100.000000 	 14.000000 	 27.356089
7460.000000 	 100.000000 	 14.000000 	 27.522707
7470.000000 	 100.000000 	 14.000000 	 27.686096
7480.000000 	 100.000000 	 14.000000 	 27.846317
7490.000000 	 100.000000 	 14.000000 	 28.003433
7500.000000 	 100.000000 	 14.000000 	 28.157503
7510.000000 	 100.000000 	 14.000000 	 28.308588
7520.000000 	 100.000000 	 14.000000 	 28.456745
7530.000000 	 100.000000 	 14.000000 	 28.602028
7540.000000 	 100.000000 	 14.000000 	 28.744495
7550.000000 	 100.000000 	 14.000000 	 28.884203
7560.000000 	 100.000000 	 14.000000 	 29.021200
7570.000000 	 100.000000 	 14.000000 	 29.155542
7580.000000 	 100.000000 	 14.000000 	 29.287281
7590.000000 	 100.000000 	 14.000000 	 29.416468
7600.000000 	 100.000000 	 14.000000 	 29.543148
7610.000000 	 100.000000 	 14.000000 	 29.667374
7620.000000 	 100.000000 	 14.000000 	 29.789192
7630.000000 	 100.000000 	 14.000000 	 29.908649
7640.000000 	 100.000000 	 14.000000 	 30.025789
7650.000000 	 100.000000 	 14.000000 	 30.140659
7660.000000 	 100.000000 	 14.000000 	 30.253304
7670.000000 	 100.000000 	 14.000000 	 30.363766
7680.000000 	 100.000000 	 14.000000 	 30.472084
7690.000000 	 33.697956 	 14.000000 	 30.578304
7700.000000 	 0.000000 	 14.000000 	 30.400347
7710.000000 	 0.000000 	 14.000000 	 30.082453
7720.000000 	 0.000000 	 14.000000 	 29.770720
7730.000000 	 0.000000 	 14.000000 	 29.465029
7740.000000 	 0.000000 	 14.000000 	 29.165264
7750.000000 	 0.000000 	 14.000000 	 28.871307
7760.000000 	 0.000000 	 14.000000 	 28.583050
7770.000000 	 0.000000 	 14.000000 	 28.300381
7780.000000 	 0.000000 	 14.000000 	 28.023190
7790.000000 	 0.000000 	 14.000000 	 27.751371
7800.000000 	 0.000000 	 14.000000 	 27.484823
7810.000000 	 0.000000 	 14.000000 	 27.223442
7820.000000 	 0.000000 	 14.000000 	 26.967127
7830.000000 	 0.000000 	 14.000000 	 26.715778
7840.000000 	 0.000000 	 14.000000 	 26.469303
7850.000000 	 0.000000 	 14.000000 	 26.227604
7860.000000 	 0.000000 	 14.000000 	 25.990589
7870.000000 	 0.000000 	 14.000000 	 25.758171
7880.000000 	 0.000000 	 14.000000 	 25.530256
7890.000000 	 0.000000 	 14.000000 	 25.306761
7900.000000 	 0.000000 	 14.000000 	 25.087595
7910.000000 	 0.000000 	 14.000000 	 24.872679
7920.000000 	 0.000000 	 14.000000 	 24.661928
7930.000000 	 0.000000 	 14.000000 	 24.455263
7940.000000 	 0.000000 	 14.000000 	 24.252604
7950.000000 	 0.000000 	 14.000000 	 24.053871
7960.000000 	 0.000000 	 14.000000 	 23.858992
7970.000000 	 0.000000 	 14.000000 	 23.667891
7980.000000 	 0.000000 	 14.000000 	 23.480494
7990.000000 	 0.000000 	 14.000000 	 23.296728
8000.000000 	 0.000000 	 14.000000 	 23.116526
8010.000000 	 0.000000 	 14.000000 	 22.939816
8020.000000 	 0.000000 	 14.000000 	 22.766531
8030.000000 	 0.000000 	 14.000000 	 22.596605
8040.000000 	 0.000000 	 14.000000 	 22.429972
8050.000000 	 0.000000 	 14.000000 	 22.266569
8060.000000 	 66.843994 	 14.000000 	 22.106335
8070.000000 	 100.000000 	 14.000000 	 22.233631
8080.000000 	 100.000000 	 14.000000 	 22.499540
8090.000000 	 100.000000 	 14.000000 	 22.760296
8100.000000 	 100.000000 	 14.000000 	 23.015997
8110.000000 	 100.000000 	 14.000000 	 23.266743
8120.000000 	 100.000000 	 14.000000 	 23.512627
8130.000000 	 100.000000 	 14.000000 	 23.753744
8140.000000 	 100.000000 	 14.000000 	 23.990189
8150.000000 	 100.000000 	 14.000000 	 24.222050
8160.000000 	 100.000000 	 14.000000 	 24.449417
8170.000000 	 100.000000 	 14.000000 	 24.672377
8180.000000 	 100.000000 	 14.000000 	 24.891016
8190.000000 	 100.000000 	 14.000000 	 25.105417
8200.000000 	 100.000000 	 14.000000 	 25.315660
8210.000000 	 100.000000 	 14.000000 	 25.521830
8220.000000 	 100.000000 	 14.000000 	 25.724003
8230.000000 	 100.000000 	 14.000000 	 25.922258
8240.000000 	 100.000000 	 14.000000 	 26.116669
8250.000000 	 100.000000 	 14.000000 	 26.307312
8260.000000 	 100.000000 	 14.000000 	 26.494259
8270.000000 	 100.000000 	 14.000000 	 26.677584
8280.000000 	 100.000000 	 14.000000 	 26.857353
8290.000000 	 100.000000 	 14.000000 	 27.033638
8300.000000 	 100.000000 	 14.000000 	 27.206507
8310.000000 	 100.000000 	 14.000000 	 27.376024
8320.000000 	 100.000000 	 14.000000 	 27.542255
8330.000000 	 100.000000 	 14.000000 	 27.705267
8340.000000 	 100.000000 	 14.000000 	 27.865118
8350.000000 	 100.000000 	 14.000000 	 28.021872
8360.000000 	 100.000000 	 14.000000 	 28.175585
8370.000000 	 100.000000 	 14.000000 	 28.326319
8380.000000 	 100.000000 	 14.000000 	 28.474131
8390.000000 	 100.000000 	 14.000000 	 28.619078
8400.000000 	 100.000000 	 14.000000 	 28.761215
8410.000000 	 100.000000 	 14.000000 	 28.900599
8420.000000 	 100.000000 	 14.000000 	 29.037277
8430.000000 	 100.000000 	 14.000000 	 29.171309
8440.000000 	 100.000000 	 14.000000 	 29.302740
8450.000000 	 100.000000 	 14.000000 	 29.431625
8460.000000 	 100.000000 	 14.000000 	 29.558012
8470.000000 	 100.000000 	 14.000000 	 29.681948
8480.000000 	 100.000000 	 14.000000 	 29.803484
8490.000000 	 100.000000 	 14.000000 	 29.922663
8500.000000 	 100.000000 	 14.000000 	 30.039532
8510.000000 	 100.000000 	 14.000000 	 30.154137
8520.000000 	 100.000000 	 14.000000 	 30.266520
8530.000000 	 100.000000 	 14.000000 	 30.376724
8540.000000 	 100.000000 	 14.000000 	 30.484793
8550.000000 	 22.773558 	 14.000000 	 30.590767
8560.000000 	 0.000000 	 14.000000 	 30.366085
8570.000000 	 0.000000 	 14.000000 	 30.048853
8580.000000 	 0.000000 	 14.000000 	 29.737772
8590.000000 	 0.000000 	 14.000000 	 29.432718
8600.000000 	 0.000000 	 14.000000 	 29.133579
8610.000000 	 0.000000 	 14.000000 	 28.840239
8620.000000 	 0.000000 	 14.000000 	 28.552584
8630.000000 	 0.000000 	 14.000000 	 28.270504
8640.000000 	 0.000000 	 14.000000 	 27.993891
8650.000000 	 0.000000 	 14.000000 	 27.722641
8660.000000 	 0.000000 	 14.000000 	 27.456648
8670.000000 	 0.000000 	 14.000000 	 27.195812
8680.000000 	 0.000000 	 14.000000 	 26.940031
8690.000000 	 0.000000 	 14.000000 	 26.689209
8700.000000 	 0.000000 	 14.000000 	 26.443247
8710.000000 	 0.000000 	 14.000000 	 26.202055
8720.000000 	 0.000000 	 14.000000 	 25.965538
8730.000000 	 0.000000 	 14.000000 	 25.733604
8740.000000 	 0.000000 	 14.000000 	 25.506166
8750.000000 	 0.000000 	 14.000000 	 25.283136
8760.000000 	 0.000000 	 14.000000 	 25.064430
8770.000000 	 0.000000 	 14.000000 	 24.849964
8780.000000 	 0.000000 	 14.000000 	 24.639654
8790.000000 	 0.000000 	 14.000000 	 24.433420
8800.000000 	 0.000000 	 14.000000 	 24.231184
8810.000000 	 0.000000 	 14.000000 	 24.032867
8820.000000 	 0.000000 	 14.000000 	 23.838396
8830.000000 	 0.000000 	 14.000000 	 23.647696
8840.000000 	 0.000000 	 14.000000 	 23.460690
8850.000000 	 0.000000 	 14.000000 	 23.277308
8860.000000 	 0.000000 	 14.000000 	 23.097481
8870.000000 	 0.000000 	 14.000000 	 22.921139
8880.000000 	 0.000000 	 14.000000 	 22.748217
8890.000000 	 0.000000 	 14.000000 	 22.578646
8900.000000 	 0.000000 	 14.000000 	 22.412361
8910.000000 	 0.000000 	 14.000000 	 22.249300
8920.000000 	 74.849541 	 14.000000 	 22.089401
8930.000000 	 100.000000 	 14.000000 	 22.251091
8940.000000 	 100.000000 	 14.000000 	 22.516663
8950.000000 	 100.000000 	 14.000000 	 22.777084
8960.000000 	 100.000000 	 14.000000 	 23.032461
8970.000000 	 100.000000 	 14.000000 	 23.282887
8980.000000 	 100.000000 	 14.000000 	 23.528458
8990.000000 	 100.000000 	 14.000000 	 23.769268
9000.000000 	 100.000000 	 14.000000 	 24.005413
9010.000000 	 100.000000 	 14.000000 	 24.236980
9020.000000 	 100.000000 	 14.000000 	 24.464060
9030.000000 	 100.000000 	 14.000000 	 24.686737
9040.000000 	 100.000000 	 14.000000 	 24.905096
9050.000000 	 100.000000 	 14.000000 	 25.119223
9060.000000 	 100.000000 	 14.000000 	 25.329201
9070.000000 	 100.000000 	 14.000000 	 25.535107
9080.000000 	 100.000000 	 14.000000 	 25.737022
9090.000000 	 100.000000 	 14.000000 	 25.935022
9100.000000 	 100.000000 	 14.000000 	 26.129187
9110.000000 	 100.000000 	 14.000000 	 26.319588
9120.000000 	 100.000000 	 14.000000 	 26.506298
9130.000000 	 100.000000 	 14.000000 	 26.689388
9140.000000 	 100.000000 	 14.000000 	 26.868929
9150.000000 	 100.000000 	 14.000000 	 27.044991
9160.000000 	 100.000000 	 14.000000 	 27.217640
9170.000000 	 100.000000 	 14.000000 	 27.386942
9180.000000 	 100.000000 	 14.000000 	 27.552961
9190.000000 	 100.000000 	 14.000000 	 27.715765
9200.000000 	 100.000000 	 14.000000 	 27.875410
9210.000000 	 100.000000 	 14.000000 	 28.031961
9220.000000 	 100.000000 	 14.000000 	 28.185480
9230.000000 	 100.000000 	 14.000000 	 28.336021
9240.000000 	 100.000000 	 14.000000 	 28.483644
9250.000000 	 100.000000 	 14.000000 	 28.628407
9260.000000 	 100.000000 	 14.000000 	 28.770363
9270.000000 	 100.000000 	 14.000000 	 28.909569
9280.000000 	 100.000000 	 14.000000 	 29.046076
9290.000000 	 100.000000 	 14.000000 	 29.179935
9300.000000 	 100.000000 	 14.000000 	 29.311203
9310.000000 	 100.000000 	 14.000000 	 29.439924
9320.000000 	 100.000000 	 14.000000 	 29.566153
9330.000000 	 100.000000 	 14.000000 	 29.689932
9340.000000 	 100.000000 	 14.000000 	 29.811314
9350.000000 	 100.000000 	 14.000000 	 29.930342
9360.000000 	 100.000000 	 14.000000 	 30.047062
9370.000000 	 100.000000 	 14.000000 	 30.161518
9380.000000 	 100.000000 	 14.000000 	 30.273758
9390.000000 	 100.000000 	 14.000000 	 30.383823
9400.000000 	 100.000000 	 14.000000 	 30.491755
9410.000000 	 16.791847 	 14.000000 	 30.597593
9420.000000 	 0.000000 	 14.000000 	 30.347326
9430.000000 	 0.000000 	 14.000000 	 30.030458
9440.000000 	 0.000000 	 14.000000 	 29.719732
9450.000000 	 0.000000 	 14.000000 	 29.415030
9460.000000 	 0.000000 	 14.000000 	 29.116232
9470.000000 	 0.000000 	 14.000000 	 28.823227
9480.000000 	 0.000000 	 14.000000 	 28.535902
9490.000000 	 0.000000 	 14.000000 	 28.254147
9500.000000 	 0.000000 	 14.000000 	 27.977852
9510.000000 	 0.000000 	 14.000000 	 27.706913
9520.000000 	 0.000000 	 14.000000 	 27.441227
9530.000000 	 0.000000 	 14.000000 	 27.180691
9540.000000 	 0.000000 	 14.000000 	 26.925203
9550.000000 	 0.000000 	 14.000000 	 26.674669
9560.000000 	 0.000000 	 14.000000 	 26.428989
9570.000000 	 0.000000 	 14.000000 	 26.188074
9580.000000 	 0.000000 	 14.000000 	 25.951828
9590.000000 	 0.000000 	 14.000000 	 25.720161
9600.000000 	 0.000000 	 14.000000 	 25.492985
9610.000000 	 0.000000 	 14.000000 	 25.270210
9620.000000 	 0.000000 	 14.000000 	 25.051756
9630.000000 	 0.000000 	 14.000000 	 24.837534
9640.000000 	 0.000000 	 14.000000 	 24.627466
9650.000000 	 0.000000 	 14.000000 	 24.421469
9660.000000 	 0.000000 	 14.000000 	 24.219463
9670.000000 	 0.000000 	 14.000000 	 24.021376
9680.000000 	 0.000000 	 14.000000 	 23.827126
9690.000000 	 0.000000 	 14.000000 	 23.636642
9700.000000 	 0.000000 	 14.000000 	 23.449852
9710.000000 	 0.000000 	 14.000000 	 23.266682
9720.000000 	 0.000000 	 14.000000 	 23.087061
9730.000000 	 0.000000 	 14.000000 	 22.910921
9740.000000 	 0.000000 	 14.000000 	 22.738195
9750.000000 	 0.000000 	 14.000000 	 22.568819
9760.000000 	 0.000000 	 14.000000 	 22.402725
9770.000000 	 2.730893 	 14.000000 	 22.239853
9780.000000 	 79.164780 	 14.000000 	 22.091755
9790.000000 	 100.000000 	 14.000000 	 22.271759
9800.000000 	 100.000000 	 14.000000 	 22.536928
9810.000000 	 100.000000 	 14.000000 	 22.796959
9820.000000 	 100.000000 	 14.000000 	 23.051949
9830.000000 	 100.000000 	 14.000000 	 23.301996
9840.000000 	 100.000000 	 14.000000 	 23.547197
9850.000000 	 100.000000 	 14.000000 	 23.787645
9860.000000 	 100.000000 	 14.000000 	 24.023434
9870.000000 	 100.000000 	 14.000000 	 24.254650
9880.000000 	 100.000000 	 14.000000 	 24.481386
9890.000000 	 100.000000 	 14.000000 	 24.703726
9900.000000 	 100.000000 	 14.000000 	 24.921757
9910.000000 	 100.000000 	 14.000000 	 25.135561
9920.000000 	 100.000000 	 14.000000 	 25.345221
9930.000000 	 100.000000 	 14.000000 	 25.550817
9940.000000 	 100.000000 	 14.000000 	 25.752428
9950.000000 	 100.000000 	 14.000000 	 25.950130
9960.000000 	 100.000000 	 14.000000 	 26.144001
9970.000000 	 100.000000 	 14.000000 	 26.334114
9980.000000 	 100.000000 	 14.000000 	 26.520542
9990.000000 	 100.000000 	 14.000000 	 26.703358
10000.000000 	 100.000000 	 14.000000 	 26.882629
10010.000000 	 100.000000 	 14.000000 	 27.058426
10020.000000 	 100.000000 	 14.000000 	 27.230814
10030.000000 	 100.000000 	 14.000000 	 27.399860
10040.000000 	 100.000000 	 14.000000 	 27.565630
10050.000000 	 100.000000 	 14.000000 	 27.728188
10060.000000 	 100.000000 	 14.000000 	 27.887594
10070.000000 	 100.000000 	 14.000000 	 28.043911
10080.000000 	 100.000000 	 14.000000 	 28.197197
10090.000000 	 100.000000 	 14.000000 	 28.347511
10100.000000 	 100.000000 	 14.000000 	 28.494913
10110.000000 	 100.000000 	 14.000000 	 28.639458
10120.000000 	 100.000000 	 14.000000 	 28.781200
10130.000000 	 100.000000 	 14.000000 	 28.920195
10140.000000 	 100.000000 	 14.000000 	 29.056496
10150.000000 	 100.000000 	 14.000000 	 29.190155
10160.000000 	 100.000000 	 14.000000 	 29.321222
10170.000000 	 100.000000 	 14.000000 	 29.449749
10180.000000 	 100.000000 	 14.000000 	 29.575785
10190.000000 	 100.000000 	 14.000000 	 29.699377
10200.000000 	 100.000000 	 14.000000 	 29.820574
10210.000000 	 100.000000 	 14.000000 	 29.939423
10220.000000 	 100.000000 	 14.000000 	 30.055967
10230.000000 	 100.000000 	 14.000000 	 30.170252
10240.000000 	 100.000000 	 14.000000 	 30.282322
10250.000000 	 100.000000 	 14.000000 	 30.392220
10260.000000 	 100.000000 	 14.000000 	 30.499987
10270.000000 	 9.589328 	 14.000000 	 30.605665
10280.000000 	 0.000000 	 14.000000 	 30.324593
10290.000000 	 0.000000 	 14.000000 	 30.008165
10300.000000 	 0.000000 	 14.000000 	 29.697870
10310.000000 	 0.000000 	 14.000000 	 29.393591
10320.000000 	 0.000000 	 14.000000 	 29.095209
10330.000000 	 0.000000 	 14.000000 	 28.802612
10340.000000 	 0.000000 	 14.000000 	 28.515686
10350.000000 	 0.000000 	 14.000000 	 28.234324
10360.000000 	 0.000000 	 14.000000 	 27.958414
10370.000000 	 0.000000 	 14.000000 	 27.687853
10380.000000 	 0.000000 	 14.000000 	 27.422537
10390.000000 	 0.000000 	 14.000000 	 27.162361
10400.000000 	 0.000000 	 14.000000 	 26.907230
10410.000000 	 0.000000 	 14.000000 	 26.657043
10420.000000 	 0.000000 	 14.000000 	 26.411707
10430.000000 	 0.000000 	 14.000000 	 26.171125
10440.000000 	 0.000000 	 14.000000 	 25.935207
10450.000000 	 0.000000 	 14.000000 	 25.703863
10460.000000 	 0.000000 	 14.000000 	 25.477001
10470.000000 	 0.000000 	 14.000000 	 25.254538
10480.000000 	 0.000000 	 14.000000 	 25.036385
10490.000000 	 0.000000 	 14.000000 	 24.822462
10500.000000 	 0.000000 	 14.000000 	 24.612684
10510.000000 	 0.000000 	 14.000000 	 24.406975
10520.000000 	 0.000000 	 14.000000 	 24.205250
10530.000000 	 0.000000 	 14.000000 	 24.007437
10540.000000 	 0.000000 	 14.000000 	 23.813457
10550.000000 	 0.000000 	 14.000000 	 23.623238
10560.000000 	 0.000000 	 14.000000 	 23.436705
10570.000000 	 0.000000 	 14.000000 	 23.253788
10580.000000 	 0.000000 	 14.000000 	 23.074417
10590.000000 	 0.000000 	 14.000000 	 22.898523
10600.000000 	 0.000000 	 14.000000 	 22.726038
10610.000000 	 0.000000 	 14.000000 	 22.556896
10620.000000 	 0.000000 	 14.000000 	 22.391035
10630.000000 	 7.834584 	 14.000000 	 22.228388
10640.000000 	 84.384888 	 14.000000 	 22.102230
10650.000000 	 100.000000 	 14.000000 	 22.304243
10660.000000 	 100.000000 	 14.000000 	 22.568785
10670.000000 	 100.000000 	 14.000000 	 22.828199
10680.000000 	 100.000000 	 14.000000 	 23.082582
10690.000000 	 100.000000 	 14.000000 	 23.332037
10700.000000 	 100.000000 	 14.000000 	 23.576654
10710.000000 	 100.000000 	 14.000000 	 23.816530
10720.000000 	 100.000000 	 14.000000 	 24.051758
10730.000000 	 100.000000 	 14.000000 	 24.282427
10740.000000 	 100.000000 	 14.000000 	 24.508623
10750.000000 	 100.000000 	 14.000000 	 24.730434
10760.000000 	 100.000000 	 14.000000 	 24.947948
10770.000000 	 100.000000 	 14.000000 	 25.161245
10780.000000 	 100.000000 	 14.000000 	 25.370409
10790.000000 	 100.000000 	 14.000000 	 25.575518
10800.000000 	 100.000000 	 14.000000 	 25.776649
10810.000000 	 100.000000 	 14.000000 	 25.973883
10820.000000 	 100.000000 	 14.000000 	 26.167294
10830.000000 	 100.000000 	 14.000000 	 26.356955
10840.000000 	 100.000000 	 14.000000 	 26.542940
10850.000000 	 100.000000 	 14.000000 	 26.725321
10860.000000 	 100.000000 	 14.000000 	 26.904165
10870.000000 	 100.000000 	 14.000000 	 27.079544
10880.000000 	 100.000000 	 14.000000 	 27.251522
10890.000000 	 100.000000 	 14.000000 	 27.420168
10900.000000 	 100.000000 	 14.000000 	 27.585545
10910.000000 	 100.000000 	 14.000000 	 27.747715
10920.000000 	 100.000000 	 14.000000 	 27.906744
10930.000000 	 100.000000 	 14.000000 	 28.062689
10940.000000 	 100.000000 	 14.000000 	 28.215611
10950.000000 	 100.000000 	 14.000000 	 28.365568
10960.000000 	 100.000000 	 14.000000 	 28.512619
10970.000000 	 100.000000 	 14.000000 	 28.656820
10980.000000 	 100.000000 	 14.000000 	 28.798227
10990.000000 	 100.000000 	 14.000000 	 28.936892
11000.000000 	 100.000000 	 14.000000 	 29.072870
11010.000000 	 100.000000 	 14.000000 	 29.206211
11020.000000 	 100.000000 	 14.000000 	 29.336967
11030.000000 	 100.000000 	 14.000000 	 29.465191
11040.000000 	 100.000000 	 14.000000 	 29.590927
11050.000000 	 100.000000 	 14.000000 	 29.714228
11060.000000 	 100.000000 	 14.000000 	 29.835138
11070.000000 	 100.000000 	 14.000000 	 29.953705
11080.000000 	 100.000000 	 14.000000 	 30.069973
11090.000000 	 100.000000 	 14.000000 	 30.183989
11100.000000 	 100.000000 	 14.000000 	 30.295794
11110.000000 	 100.000000 	 14.000000 	 30.405430
11120.000000 	 90.643784 	 14.000000 	 30.512941
11130.000000 	 0.000000 	 14.000000 	 30.578558
11140.000000 	 0.000000 	 14.000000 	 30.257208
11150.000000 	 0.000000 	 14.000000 	 29.942087
11160.000000 	 0.000000 	 14.000000 	 29.633074
11170.000000 	 0.000000 	 14.000000 	 29.330051
11180.000000 	 0.000000 	 14.000000 	 29.032902
11190.000000 	 0.000000 	 14.000000 	 28.741512
11200.000000 	 0.000000 	 14.000000 	 28.455770
11210.000000 	 0.000000 	 14.000000 	 28.175566
11220.000000 	 0.000000 	 14.000000 	 27.900793
11230.000000 	 0.000000 	 14.000000 	 27.631348
11240.000000 	 0.000000 	 14.000000 	 27.367126
11250.000000 	 0.000000 	 14.000000 	 27.108027
11260.000000 	 0.000000 	 14.000000 	 26.853947
11270.000000 	 0.000000 	 14.000000 	 26.604792
11280.000000 	 0.000000 	 14.000000 	 26.360468
11290.000000 	 0.000000 	 14.000000 	 26.120880
11300.000000 	 0.000000 	 14.000000 	 25.885935
11310.000000 	 0.000000 	 14.000000 	 25.655544
11320.000000 	 0.000000 	 14.000000 	 25.429619
11330.000000 	 0.000000 	 14.000000 	 25.208073
11340.000000 	 0.000000 	 14.000000 	 24.990820
11350.000000 	 0.000000 	 14.000000 	 24.777781
11360.000000 	 0.000000 	 14.000000 	 24.568871
11370.000000 	 0.000000 	 14.000000 	 24.364010
11380.000000 	 0.000000 	 14.000000 	 24.163118
11390.000000 	 0.000000 	 14.000000 	 23.966122
11400.000000 	 0.000000 	 14.000000 	 23.772943
11410.000000 	 0.000000 	 14.000000 	 23.583511
11420.000000 	 0.000000 	 14.000000 	 23.397749
11430.000000 	 0.000000 	 14.000000 	 23.215590
11440.000000 	 0.000000 	 14.000000 	 23.036959
11450.000000 	 0.000000 	 14.000000 	 22.861792
11460.000000 	 0.000000 	 14.000000 	 22.690018
11470.000000 	 0.000000 	 14.000000 	 22.521576
11480.000000 	 0.000000 	 14.000000 	 22.356400
11490.000000 	 25.291534 	 14.000000 	 22.194422
11500.000000 	 100.000000 	 14.000000 	 22.143202
11510.000000 	 100.000000 	 14.000000 	 22.410866
11520.000000 	 100.000000 	 14.000000 	 22.673340
11530.000000 	 100.000000 	 14.000000 	 22.930727
11540.000000 	 100.000000 	 14.000000 	 23.183125
11550.000000 	 100.000000 	 14.000000 	 23.430628
11560.000000 	 100.000000 	 14.000000 	 23.673336
11570.000000 	 100.000000 	 14.000000 	 23.911339
11580.000000 	 100.000000 	 14.000000 	 24.144730
11590.000000 	 100.000000 	 14.000000 	 24.373594
11600.000000 	 100.000000 	 14.000000 	 24.598022
11610.000000 	 100.000000 	 14.000000 	 24.818100
11620.000000 	 100.000000 	 14.000000 	 25.033915
11630.000000 	 100.000000 	 14.000000 	 25.245544
11640.000000 	 100.000000 	 14.000000 	 25.453072
11650.000000 	 100.000000 	 14.000000 	 25.656578
11660.000000 	 100.000000 	 14.000000 	 25.856138
11670.000000 	 100.000000 	 14.000000 	 26.051830
11680.000000 	 100.000000 	 14.000000 	 26.243729
11690.000000 	 100.000000 	 14.000000 	 26.431910
11700.000000 	 100.000000 	 14.000000 	 26.616442
11710.000000 	 100.000000 	 14.000000 	 26.797398
11720.000000 	 100.000000 	 14.000000 	 26.974844
11730.000000 	 100.000000 	 14.000000 	 27.148853
11740.000000 	 100.000000 	 14.000000 	 27.319487
11750.000000 	 100.000000 	 14.000000 	 27.486814
11760.000000 	 100.000000 	 14.000000 	 27.650900
11770.000000 	 100.000000 	 14.000000 	 27.811804
11780.000000 	 100.000000 	 14.000000 	 27.969589
11790.000000 	 100.000000 	 14.000000 	 28.124315
11800.000000 	 100.000000 	 14.000000 	 28.276041
11810.000000 	 100.000000 	 14.000000 	 28.424828
11820.000000 	 100.000000 	 14.000000 	 28.570730
11830.000000 	 100.000000 	 14.000000 	 28.713804
11840.000000 	 100.000000 	 14.000000 	 28.854105
11850.000000 	 100.000000 	 14.000000 	 28.991688
11860.000000 	 100.000000 	 14.000000 	 29.126602
11870.000000 	 100.000000 	 14.000000 	 29.258904
11880.000000 	 100.000000 	 14.000000 	 29.388639
11890.000000 	 100.000000 	 14.000000 	 29.515860
11900.000000 	 100.000000 	 14.000000 	 29.640614
11910.000000 	 100.000000 	 14.000000 	 29.762951
11920.000000 	 100.000000 	 14.000000 	 29.882917
11930.000000 	 100.000000 	 14.000000 	 30.000557
11940.000000 	 100.000000 	 14.000000 	 30.115915
11950.000000 	 100.000000 	 14.000000 	 30.229040
11960.000000 	 100.000000 	 14.000000 	 30.339972
11970.000000 	 100.000000 	 14.000000 	 30.448751
11980.000000 	 53.751781 	 14.000000 	 30.555424
11990.000000 	 0.000000 	 14.000000 	 30.463240
12000.000000 	 0.000000 	 14.000000 	 30.144125
12010.000000 	 0.000000 	 14.000000 	 29.831196
12020.000000 	 0.000000 	 14.000000 	 29.524334
12030.000000 	 0.000000 	 14.000000 	 29.223419
12040.000000 	 0.000000 	 14.000000 	 28.928337
12050.000000 	 0.000000 	 14.000000 	 28.638973
12060.000000 	 0.000000 	 14.000000 	 28.355219
12070.000000 	 0.000000 	 14.000000 	 28.076965
12080.000000 	 0.000000 	 14.000000 	 27.804106
12090.000000 	 0.000000 	 14.000000 	 27.536535
12100.000000 	 0.000000 	 14.000000 	 27.274151
12110.000000 	 0.000000 	 14.000000 	 27.016851
12120.000000 	 0.000000 	 14.000000 	 26.764540
12130.000000 	 0.000000 	 14.000000 	 26.517118
12140.000000 	 0.000000 	 14.000000 	 26.274494
12150.000000 	 0.000000 	 14.000000 	 26.036572
12160.000000 	 0.000000 	 14.000000 	 25.803261
12170.000000 	 0.000000 	 14.000000 	 25.574472
12180.000000 	 0.000000 	 14.000000 	 25.350119
12190.000000 	 0.000000 	 14.000000 	 25.130114
12200.000000 	 0.000000 	 14.000000 	 24.914373
12210.000000 	 0.000000 	 14.000000 	 24.702816
12220.000000 	 0.000000 	 14.000000 	 24.495359
12230.000000 	 0.000000 	 14.000000 	 24.291922
12240.000000 	 0.000000 	 14.000000 	 24.092428
12250.000000 	 0.000000 	 14.000000 	 23.896803
12260.000000 	 0.000000 	 14.000000 	 23.704969
12270.000000 	 0.000000 	 14.000000 	 23.516853
12280.000000 	 0.000000 	 14.000000 	 23.332384
12290.000000 	 0.000000 	 14.000000 	 23.151491
12300.000000 	 0.000000 	 14.000000 	 22.974102
12310.000000 	 0.000000 	 14.000000 	 22.800154
12320.000000 	 0.000000 	 14.000000 	 22.629576
12330.000000 	 0.000000 	 14.000000 	 22.462305
12340.000000 	 0.000000 	 14.000000 	 22.298277
12350.000000 	 52.150127 	 14.000000 	 22.137426
12360.000000 	 100.000000 	 14.000000 	 22.201597
12370.000000 	 100.000000 	 14.000000 	 22.468128
12380.000000 	 100.000000 	 14.000000 	 22.729492
12390.000000 	 100.000000 	 14.000000 	 22.985790
12400.000000 	 100.000000 	 14.000000 	 23.237120
12410.000000 	 100.000000 	 14.000000 	 23.483578
12420.000000 	 100.000000 	 14.000000 	 23.725258
12430.000000 	 100.000000 	 14.000000 	 23.962254
12440.000000 	 100.000000 	 14.000000 	 24.194656
12450.000000 	 100.000000 	 14.000000 	 24.422554
12460.000000 	 100.000000 	 14.000000 	 24.646034
12470.000000 	 100.000000 	 14.000000 	 24.865183
12480.000000 	 100.000000 	 14.000000 	 25.080082
12490.000000 	 100.000000 	 14.000000 	 25.290815
12500.000000 	 100.000000 	 14.000000 	 25.497465
12510.000000 	 100.000000 	 14.000000 	 25.700109
12520.000000 	 100.000000 	 14.000000 	 25.898825
12530.000000 	 100.000000 	 14.000000 	 26.093689
12540.000000 	 100.000000 	 14.000000 	 26.284777
12550.000000 	 100.000000 	 14.000000 	 26.472162
12560.000000 	 100.000000 	 14.000000 	 26.655914
12570.000000 	 100.000000 	 14.000000 	 26.836105
12580.000000 	 100.000000 	 14.000000 	 27.012802
12590.000000 	 100.000000 	 14.000000 	 27.186075
12600.000000 	 100.000000 	 14.000000 	 27.355989
12610.000000 	 100.000000 	 14.000000 	 27.522610
12620.000000 	 100.000000 	 14.000000 	 27.686001
12630.000000 	 100.000000 	 14.000000 	 27.846224
12640.000000 	 100.000000 	 14.000000 	 28.003342
12650.000000 	 100.000000 	 14.000000 	 28.157415
12660.000000 	 100.000000 	 14.000000 	 28.308500
12670.000000 	 100.000000 	 14.000000 	 28.456657
12680.000000 	 100.000000 	 14.000000 	 28.601942
12690.000000 	 100.000000 	 14.000000 	 28.744411
12700.000000 	 100.000000 	 14.000000 	 28.884119
12710.000000 	 100.000000 	 14.000000 	 29.021120
12720.000000 	 100.000000 	 14.000000 	 29.155464
12730.000000 	 100.000000 	 14.000000 	 29.287205
12740.000000 	 100.000000 	 14.000000 	 29.416391
12750.000000 	 100.000000 	 14.000000 	 29.543076
12760.000000 	 100.000000 	 14.000000 	 29.667303
12770.000000 	 100.000000 	 14.000000 	 29.789124
12780.000000 	 100.000000 	 14.000000 	 29.908581
12790.000000 	 100.000000 	 14.000000 	 30.025724
12800.000000 	 100.000000 	 14.000000 	 30.140594
12810.000000 	 100.000000 	 14.000000 	 30.253241
12820.000000 	 100.000000 	 14.000000 	 30.363701
12830.000000 	 100.000000 	 14.000000 	 30.472021
12840.000000 	 33.751007 	 14.000000 	 30.578241
12850.000000 	 0.000000 	 14.000000 	 30.400511
12860.000000 	 0.000000 	 14.000000 	 30.082613
12870.000000 	 0.000000 	 14.000000 	 29.770876
12880.000000 	 0.000000 	 14.000000 	 29.465181
12890.000000 	 0.000000 	 14.000000 	 29.165413
12900.000000 	 0.000000 	 14.000000 	 28.871454
12910.000000 	 0.000000 	 14.000000 	 28.583195
12920.000000 	 0.000000 	 14.000000 	 28.300522
12930.000000 	 0.000000 	 14.000000 	 28.023329
12940.000000 	 0.000000 	 14.000000 	 27.751509
12950.000000 	 0.000000 	 14.000000 	 27.484957
12960.000000 	 0.000000 	 14.000000 	 27.223572
12970.000000 	 0.000000 	 14.000000 	 26.967255
12980.000000 	 0.000000 	 14.000000 	 26.715904
12990.000000 	 0.000000 	 14.000000 	 26.469427
13000.000000 	 0.000000 	 14.000000 	 26.227728
13010.000000 	 0.000000 	 14.000000 	 25.990713
13020.000000 	 0.000000 	 14.000000 	 25.758291
13030.000000 	 0.000000 	 14.000000 	 25.530375
13040.000000 	 0.000000 	 14.000000 	 25.306875
13050.000000 	 0.000000 	 14.000000 	 25.087709
13060.000000 	 0.000000 	 14.000000 	 24.872793
13070.000000 	 0.000000 	 14.000000 	 24.662039
13080.000000 	 0.000000 	 14.000000 	 24.455372
13090.000000 	 0.000000 	 14.000000 	 24.252710
13100.000000 	 0.000000 	 14.000000 	 24.053978
13110.000000 	 0.000000 	 14.000000 	 23.859098
13120.000000 	 0.000000 	 14.000000 	 23.667995
13130.000000 	 0.000000 	 14.000000 	 23.480595
13140.000000 	 0.000000 	 14.000000 	 23.296829
13150.000000 	 0.000000 	 14.000000 	 23.116625
13160.000000 	 0.000000 	 14.000000 	 22.939913
13170.000000 	 0.000000 	 14.000000 	 22.766628
13180.000000 	 0.000000 	 14.000000 	 22.596701
13190.000000 	 0.000000 	 14.000000 	 22.430067
13200.000000 	 0.000000 	 14.000000 	 22.266663
13210.000000 	 66.804482 	 14.000000 	 22.106426
13220.000000 	 100.000000 	 14.000000 	 22.233551
13230.000000 	 100.000000 	 14.000000 	 22.499462
13240.000000 	 100.000000 	 14.000000 	 22.760220
13250.000000 	 100.000000 	 14.000000 	 23.015921
13260.000000 	 100.000000 	 14.000000 	 23.266666
13270.000000 	 100.000000 	 14.000000 	 23.512552
13280.000000 	 100.000000 	 14.000000 	 23.753672
13290.000000 	 100.000000 	 14.000000 	 23.990118
13300.000000 	 100.000000 	 14.000000 	 24.221981
13310.000000 	 100.000000 	 14.000000 	 24.449348
13320.000000 	 100.000000 	 14.000000 	 24.672310
13330.000000 	 100.000000 	 14.000000 	 24.890949
13340.000000 	 100.000000 	 14.000000 	 25.105350
13350.000000 	 100.000000 	 14.000000 	 25.315598
13360.000000 	 100.000000 	 14.000000 	 25.521769
13370.000000 	 100.000000 	 14.000000 	 25.723942
13380.000000 	 100.000000 	 14.000000 	 25.922195
13390.000000 	 100.000000 	 14.000000 	 26.116608
13400.000000 	 100.000000 	 14.000000 	 26.307251
13410.000000 	 100.000000 	 14.000000 	 26.494200
13420.000000 	 100.000000 	 14.000000 	 26.677525
13430.000000 	 100.000000 	 14.000000 	 26.857296
13440.000000 	 100.000000 	 14.000000 	 27.033585
13450.000000 	 100.000000 	 14.000000 	 27.206455
13460.000000 	 100.000000 	 14.000000 	 27.375975
13470.000000 	 100.000000 	 14.000000 	 27.542208
13480.000000 	 100.000000 	 14.000000 	 27.705219
13490.000000 	 100.000000 	 14.000000 	 27.865070
13500.000000 	 100.000000 	 14.000000 	 28.021824
13510.000000 	 100.000000 	 14.000000 	 28.175537
13520.000000 	 100.000000 	 14.000000 	 28.326273
13530.000000 	 100.000000 	 14.000000 	 28.474087
13540.000000 	 100.000000 	 14.000000 	 28.619034
13550.000000 	 100.000000 	 14.000000 	 28.761173
13560.000000 	 100.000000 	 14.000000 	 28.900555
13570.000000 	 100.000000 	 14.000000 	 29.037235
13580.000000 	 100.000000 	 14.000000 	 29.171268
13590.000000 	 100.000000 	 14.000000 	 29.302702
13600.000000 	 100.000000 	 14.000000 	 29.431589
13610.000000 	 100.000000 	 14.000000 	 29.557978
13620.000000 	 100.000000 	 14.000000 	 29.681915
13630.000000 	 100.000000 	 14.000000 	 29.803450
13640.000000 	 100.000000 	 14.000000 	 29.922630
13650.000000 	 100.000000 	 14.000000 	 30.039501
13660.000000 	 100.000000 	 14.000000 	 30.154106
13670.000000 	 100.000000 	 14.000000 	 30.266489
13680.000000 	 100.000000 	 14.000000 	 30.376694
13690.000000 	 100.000000 	 14.000000 	 30.484762
13700.000000 	 22.801050 	 14.000000 	 30.590734
13710.000000 	 0.000000 	 14.000000 	 30.366169
13720.000000 	 0.000000 	 14.000000 	 30.048935
13730.000000 	 0.000000 	 14.000000 	 29.737852
13740.000000 	 0.000000 	 14.000000 	 29.432798
13750.000000 	 0.000000 	 14.000000 	 29.133657
13760.000000 	 0.000000 	 14.000000 	 28.840313
13770.000000 	 0.000000 	 14.000000 	 28.552656
13780.000000 	 0.000000 	 14.000000 	 28.270575
13790.000000 	 0.000000 	 14.000000 	 27.993963
13800.000000 	 0.000000 	 14.000000 	 27.722712
13810.000000 	 0.000000 	 14.000000 	 27.456717
13820.000000 	 0.000000 	 14.000000 	 27.195879
13830.000000 	 0.000000 	 14.000000 	 26.940098
13840.000000 	 0.000000 	 14.000000 	 26.689276
13850.000000 	 0.000000 	 14.000000 	 26.443314
13860.000000 	 0.000000 	 14.000000 	 26.202118
13870.000000 	 0.000000 	 14.000000 	 25.965599
13880.000000 	 0.000000 	 14.000000 	 25.733664
13890.000000 	 0.000000 	 14.000000 	 25.506224
13900.000000 	 0.000000 	 14.000000 	 25.283194
13910.000000 	 0.000000 	 14.000000 	 25.064486
13920.000000 	 0.000000 	 14.000000 	 24.850018
13930.000000 	 0.000000 	 14.000000 	 24.639706
13940.000000 	 0.000000 	 14.000000 	 24.433472
13950.000000 	 0.000000 	 14.000000 	 24.231236
13960.000000 	 0.000000 	 14.000000 	 24.032919
13970.000000 	 0.000000 	 14.000000 	 23.838446
13980.000000 	 0.000000 	 14.000000 	 23.647741
13990.000000 	 0.000000 	 14.000000 	 23.460733
14000.000000 	 0.000000 	 14.000000 	 23.277353
14010.000000 	 0.000000 	 14.000000 	 23.097527
14020.000000 	 0.000000 	 14.000000 	 22.921185
14030.000000 	 0.000000 	 14.000000 	 22.748260
14040.000000 	 0.000000 	 14.000000 	 22.578690
14050.000000 	 0.000000 	 14.000000 	 22.412405
14060.000000 	 0.000000 	 14.000000 	 22.249344
14070.000000 	 74.829933 	 14.000000 	 22.089443
14080.000000 	 100.000000 	 14.000000 	 22.251047
14090.000000 	 100.000000 	 14.000000 	 22.516621
14100.000000 	 100.000000 	 14.000000 	 22.777044
14110.000000 	 100.000000 	 14.000000 	 23.032421
14120.000000 	 100.000000 	 14.000000 	 23.282846
14130.000000 	 100.000000 	 14.000000 	 23.528419
14140.000000 	 100.000000 	 14.000000 	 23.769232
14150.000000 	 100.000000 	 14.000000 	 24.005377
14160.000000 	 100.000000 	 14.000000 	 24.236944
14170.000000 	 100.000000 	 14.000000 	 24.464024
14180.000000 	 100.000000 	 14.000000 	 24.686699
14190.000000 	 100.000000 	 14.000000 	 24.905060
14200.000000 	 100.000000 	 14.000000 	 25.119188
14210.000000 	 100.000000 	 14.000000 	 25.329166
14220.000000 	 100.000000 	 14.000000 	 25.535074
14230.000000 	 100.000000 	 14.000000 	 25.736990
14240.000000 	 100.000000 	 14.000000 	 25.934992
14250.000000 	 100.000000 	 14.000000 	 26.129156
14260.000000 	 100.000000 	 14.000000 	 26.319557
14270.000000 	 100.000000 	 14.000000 	 26.506268
14280.000000 	 100.000000 	 14.000000 	 26.689360
14290.000000 	 100.000000 	 14.000000 	 26.868902
14300.000000 	 100.000000 	 14.000000 	 27.044966
14310.000000 	 100.000000 	 14.000000 	 27.217615
14320.000000 	 100.000000 	 14.000000 	 27.386917
14330.000000 	 100.000000 	 14.000000 	 27.552938
14340.000000 	 100.000000 	 14.000000 	 27.715742
14350.000000 	 100.000000 	 14.000000 	 27.875389
14360.000000 	 100.000000 	 14.000000 	 28.031940
14370.000000 	 100.000000 	 14.000000 	 28.185459
14380.000000 	 100.000000 	 14.000000 	 28.336002
14390.000000 	 100.000000 	 14.000000 	 28.483625
14400.000000 	 100.000000 	 14.000000 	 28.628389
14410.000000 	 100.000000 	 14.000000 	 28.770346
14420.000000 	 100.000000 	 14.000000 	 28.909552
14430.000000 	 100.000000 	 14.000000 	 29.046059
14440.000000 	 100.000000 	 14.000000 	 29.179918
14450.000000 	 100.000000 	 14.000000 	 29.311186
14460.000000 	 100.000000 	 14.000000 	 29.439909
14470.000000 	 100.000000 	 14.000000 	 29.566135
14480.000000 	 100.000000 	 14.000000 	 29.689915
14490.000000 	 100.000000 	 14.000000 	 29.811296
14500.000000 	 100.000000 	 14.000000 	 29.930325
14510.000000 	 100.000000 	 14.000000 	 30.047045
14520.000000 	 100.000000 	 14.000000 	 30.161503
14530.000000 	 100.000000 	 14.000000 	 30.273743
14540.000000 	 100.000000 	 14.000000 	 30.383806
14550.000000 	 100.000000 	 14.000000 	 30.491737
14560.000000 	 16.805698 	 14.000000 	 30.597576
14570.000000 	 0.000000 	 14.000000 	 30.347368
14580.000000 	 0.000000 	 14.000000 	 30.030499
14590.000000 	 0.000000 	 14.000000 	 29.719772
14600.000000 	 0.000000 	 14.000000 	 29.415070
14610.000000 	 0.000000 	 14.000000 	 29.116272
14620.000000 	 0.000000 	 14.000000 	 28.823265
14630.000000 	 0.000000 	 14.000000 	 28.535940
14640.000000 	 0.000000 	 14.000000 	 28.254185
14650.000000 	 0.000000 	 14.000000 	 27.977890
14660.000000 	 0.000000 	 14.000000 	 27.706949
14670.000000 	 0.000000 	 14.000000 	 27.441261
14680.000000 	 0.000000 	 14.000000 	 27.180723
14690.000000 	 0.000000 	 14.000000 	 26.925236
14700.000000 	 0.000000 	 14.000000 	 26.674700
14710.000000 	 0.000000 	 14.000000 	 26.429020
14720.000000 	 0.000000 	 14.000000 	 26.188101
14730.000000 	 0.000000 	 14.000000 	 25.951855
14740.000000 	 0.000000 	 14.000000 	 25.720186
14750.000000 	 0.000000 	 14.000000 	 25.493008
14760.000000 	 0.000000 	 14.000000 	 25.270233
14770.000000 	 0.000000 	 14.000000 	 25.051777
14780.000000 	 0.000000 	 14.000000 	 24.837555
14790.000000 	 0.000000 	 14.000000 	 24.627485
14800.000000 	 0.000000 	 14.000000 	 24.421488
14810.000000 	 0.000000 	 14.000000 	 24.219482
14820.000000 	 0.000000 	 14.000000 	 24.021395
14830.000000 	 0.000000 	 14.000000 	 23.827145
14840.000000 	 0.000000 	 14.000000 	 23.636662
14850.000000 	 0.000000 	 14.000000 	 23.449871
14860.000000 	 0.000000 	 14.000000 	 23.266701
14870.000000 	 0.000000 	 14.000000 	 23.087080
14880.000000 	 0.000000 	 14.000000 	 22.910940
14890.000000 	 0.000000 	 14.000000 	 22.738214
14900.000000 	 0.000000 	 14.000000 	 22.568836
14910.000000 	 0.000000 	 14.000000 	 22.402742
14920.000000 	 2.722785 	 14.000000 	 22.239868
14930.000000 	 79.156418 	 14.000000 	 22.091738
14940.000000 	 100.000000 	 14.000000 	 22.271708
14950.000000 	 100.000000 	 14.000000 	 22.536879
14960.000000 	 100.000000 	 14.000000 	 22.796911
14970.000000 	 100.000000 	 14.000000 	 23.051903
14980.000000 	 100.000000 	 14.000000 	 23.301950
14990.000000 	 100.000000 	 14.000000 	 23.547152
15000.000000 	 100.000000 	 14.000000 	 23.787600
15010.000000 	 100.000000 	 14.000000 	 24.023388
15020.000000 	 100.000000 	 14.000000 	 24.254606
15030.000000 	 100.000000 	 14.000000 	 24.481342
15040.000000 	 100.000000 	 14.000000 	 24.703684
15050.000000 	 100.000000 	 14.000000 	 24.921715
15060.000000 	 100.000000 	 14.000000 	 25.135519
15070.000000 	 100.000000 	 14.000000 	 25.345181
15080.000000 	 100.000000 	 14.000000 	 25.550777
15090.000000 	 100.000000 	 14.000000 	 25.752390
15100.000000 	 100.000000 	 14.000000 	 25.950092
15110.000000 	 100.000000 	 14.000000 	 26.143963
15120.000000 	 100.000000 	 14.000000 	 26.334076
15130.000000 	 100.000000 	 14.000000 	 26.520504
15140.000000 	 100.000000 	 14.000000 	 26.703320
15150.000000 	 100.000000 	 14.000000 	 26.882591
15160.000000 	 100.000000 	 14.000000 	 27.058388
15170.000000 	 100.000000 	 14.000000 	 27.230776
15180.000000 	 100.000000 	 14.000000 	 27.399822
15190.000000 	 100.000000 	 14.000000 	 27.565592
15200.000000 	 100.000000 	 14.000000 	 27.728149
15210.000000 	 100.000000 	 14.000000 	 27.887556
15220.000000 	 100.000000 	 14.000000 	 28.043873
15230.000000 	 100.000000 	 14.000000 	 28.197159
15240.000000 	 100.000000 	 14.000000 	 28.347473
15250.000000 	 100.000000 	 14.000000 	 28.494875
15260.000000 	 100.000000 	 14.000000 	 28.639420
15270.000000 	 100.000000 	 14.000000 	 28.781162
15280.000000 	 100.000000 	 14.000000 	 28.920158
15290.000000 	 100.000000 	 14.000000 	 29.056461
15300.000000 	 100.000000 	 14.000000 	 29.190123
15310.000000 	 100.000000 	 14.000000 	 29.321192
15320.000000 	 100.000000 	 14.000000 	 29.449720
15330.000000 	 100.000000 	 14.000000 	 29.575756
15340.000000 	 100.000000 	 14.000000 	 29.699348
15350.000000 	 100.000000 	 14.000000 	 29.820545
15360.000000 	 100.000000 	 14.000000 	 29.939394
15370.000000 	 100.000000 	 14.000000 	 30.055939
15380.000000 	 100.000000 	 14.000000 	 30.170223
15390.000000 	 100.000000 	 14.000000 	 30.282293
15400.000000 	 100.000000 	 14.000000 	 30.392193
15410.000000 	 100.000000 	 14.000000 	 30.499960
15420.000000 	 9.609463 	 14.000000 	 30.605640
15430.000000 	 0.000000 	 14.000000 	 30.324656
15440.000000 	 0.000000 	 14.000000 	 30.008226
15450.000000 	 0.000000 	 14.000000 	 29.697933
15460.000000 	 0.000000 	 14.000000 	 29.393654
15470.000000 	 0.000000 	 14.000000 	 29.095270
15480.000000 	 0.000000 	 14.000000 	 28.802671
15490.000000 	 0.000000 	 14.000000 	 28.515745
15500.000000 	 0.000000 	 14.000000 	 28.234379
15510.000000 	 0.000000 	 14.000000 	 27.958467
15520.000000 	 0.000000 	 14.000000 	 27.687904
15530.000000 	 0.000000 	 14.000000 	 27.422586
15540.000000 	 0.000000 	 14.000000 	 27.162409
15550.000000 	 0.000000 	 14.000000 	 26.907274
15560.000000 	 0.000000 	 14.000000 	 26.657085
15570.000000 	 0.000000 	 14.000000 	 26.411747
15580.000000 	 0.000000 	 14.000000 	 26.171165
15590.000000 	 0.000000 	 14.000000 	 25.935246
15600.000000 	 0.000000 	 14.000000 	 25.703897
15610.000000 	 0.000000 	 14.000000 	 25.477036
15620.000000 	 0.000000 	 14.000000 	 25.254570
15630.000000 	 0.000000 	 14.000000 	 25.036419
15640.000000 	 0.000000 	 14.000000 	 24.822495
15650.000000 	 0.000000 	 14.000000 	 24.612717
15660.000000 	 0.000000 	 14.000000 	 24.407005
15670.000000 	 0.000000 	 14.000000 	 24.205282
15680.000000 	 0.000000 	 14.000000 	 24.007469
15690.000000 	 0.000000 	 14.000000 	 23.813490
15700.000000 	 0.000000 	 14.000000 	 23.623272
15710.000000 	 0.000000 	 14.000000 	 23.436739
15720.000000 	 0.000000 	 14.000000 	 23.253820
15730.000000 	 0.000000 	 14.000000 	 23.074450
15740.000000 	 0.000000 	 14.000000 	 22.898556
15750.000000 	 0.000000 	 14.000000 	 22.726072
15760.000000 	 0.000000 	 14.000000 	 22.556931
15770.000000 	 0.000000 	 14.000000 	 22.391068
15780.000000 	 7.822429 	 14.000000 	 22.228418
15790.000000 	 84.372330 	 14.000000 	 22.102207
15800.000000 	 100.000000 	 14.000000 	 22.304167
15810.000000 	 100.000000 	 14.000000 	 22.568708
15820.000000 	 100.000000 	 14.000000 	 22.828123
15830.000000 	 100.000000 	 14.000000 	 23.082510
15840.000000 	 100.000000 	 14.000000 	 23.331964
15850.000000 	 100.000000 	 14.000000 	 23.576584
15860.000000 	 100.000000 	 14.000000 	 23.816462
15870.000000 	 100.000000 	 14.000000 	 24.051689
15880.000000 	 100.000000 	 14.000000 	 24.282358
15890.000000 	 100.000000 	 14.000000 	 24.508556
15900.000000 	 100.000000 	 14.000000 	 24.730370
15910.000000 	 100.000000 	 14.000000 	 24.947884
15920.000000 	 100.000000 	 14.000000 	 25.161182
15930.000000 	 100.000000 	 14.000000 	 25.370344
15940.000000 	 100.000000 	 14.000000 	 25.575455
15950.000000 	 100.000000 	 14.000000 	 25.776588
15960.000000 	 100.000000 	 14.000000 	 25.973824
15970.000000 	 100.000000 	 14.000000 	 26.167234
15980.000000 	 100.000000 	 14.000000 	 26.356897
15990.000000 	 100.000000 	 14.000000 	 26.542883
16000.000000 	 100.000000 	 14.000000 	 26.725264
16010.000000 	 100.000000 	 14.000000 	 26.904110
16020.000000 	 100.000000 	 14.000000 	 27.079489
16030.000000 	 100.000000 	 14.000000 	 27.251469
16040.000000 	 100.000000 	 14.000000 	 27.420115
16050.000000 	 100.000000 	 14.000000 	 27.585491
16060.000000 	 100.000000 	 14.000000 	 27.747663
16070.000000 	 100.000000 	 14.000000 	 27.906691
16080.000000 	 100.000000 	 14.000000 	 28.062637
16090.000000 	 100.000000 	 14.000000 	 28.215561
16100.000000 	 100.000000 	 14.000000 	 28.365520
16110.000000 	 100.000000 	 14.000000 	 28.512573
16120.000000 	 100.000000 	 14.000000 	 28.656776
16130.000000 	 100.000000 	 14.000000 	 28.798183
16140.000000 	 100.000000 	 14.000000 	 28.936850
16150.000000 	 100.000000 	 14.000000 	 29.072826
16160.000000 	 100.000000 	 14.000000 	 29.206169
16170.000000 	 100.000000 	 14.000000 	 29.336927
16180.000000 	 100.000000 	 14.000000 	 29.465151
16190.000000 	 100.000000 	 14.000000 	 29.590887
16200.000000 	 100.000000 	 14.000000 	 29.714188
16210.000000 	 100.000000 	 14.000000 	 29.835098
16220.000000 	 100.000000 	 14.000000 	 29.953665
16230.000000 	 100.000000 	 14.000000 	 30.069933
16240.000000 	 100.000000 	 14.000000 	 30.183949
16250.000000 	 100.000000 	 14.000000 	 30.295753
16260.000000 	 100.000000 	 14.000000 	 30.405390
16270.000000 	 90.672470 	 14.000000 	 30.512903
16280.000000 	 0.000000 	 14.000000 	 30.578642
16290.000000 	 0.000000 	 14.000000 	 30.257292
16300.000000 	 0.000000 	 14.000000 	 29.942169
16310.000000 	 0.000000 	 14.000000 	 29.633154
16320.000000 	 0.000000 	 14.000000 	 29.330130
16330.000000 	 0.000000 	 14.000000 	 29.032980
16340.000000 	 0.000000 	 14.000000 	 28.741589
16350.000000 	 0.000000 	 14.000000 	 28.455847
16360.000000 	 0.000000 	 14.000000 	 28.175642
16370.000000 	 0.000000 	 14.000000 	 27.900869
16380.000000 	 0.000000 	 14.000000 	 27.631422
16390.000000 	 0.000000 	 14.000000 	 27.367199
16400.000000 	 0.000000 	 14.000000 	 27.108097
16410.000000 	 0.000000 	 14.000000 	 26.854017
16420.000000 	 0.000000 	 14.000000 	 26.604862
16430.000000 	 0.000000 	 14.000000 	 26.360537
16440.000000 	 0.000000 	 14.000000 	 26.120945
16450.000000 	 0.000000 	 14.000000 	 25.886000
16460.000000 	 0.000000 	 14.000000 	 25.655607
16470.000000 	 0.000000 	 14.000000 	 25.429682
16480.000000 	 0.000000 	 14.000000 	 25.208134
16490.000000 	 0.000000 	 14.000000 	 24.990881
16500.000000 	 0.000000 	 14.000000 	 24.777840
16510.000000 	 0.000000 	 14.000000 	 24.568928
16520.000000 	 0.000000 	 14.000000 	 24.364067
16530.000000 	 0.000000 	 14.000000 	 24.163176
16540.000000 	 0.000000 	 14.000000 	 23.966177
16550.000000 	 0.000000 	 14.000000 	 23.772999
16560.000000 	 0.000000 	 14.000000 	 23.583565
16570.000000 	 0.000000 	 14.000000 	 23.397800
16580.000000 	 0.000000 	 14.000000 	 23.215639
16590.000000 	 0.000000 	 14.000000 	 23.037008
16600.000000 	 0.000000 	 14.000000 	 22.861839
16610.000000 	 0.000000 	 14.000000 	 22.690065
16620.000000 	 0.000000 	 14.000000 	 22.521622
16630.000000 	 0.000000 	 14.000000 	 22.356443
16640.000000 	 25.271311 	 14.000000 	 22.194468
16650.000000 	 100.000000 	 14.000000 	 22.143162
16660.000000 	 100.000000 	 14.000000 	 22.410826
16670.000000 	 100.000000 	 14.000000 	 22.673302
16680.000000 	 100.000000 	 14.000000 	 22.930689
16690.000000 	 100.000000 	 14.000000 	 23.183086
16700.000000 	 100.000000 	 14.000000 	 23.430593
16710.000000 	 100.000000 	 14.000000 	 23.673300
16720.000000 	 100.000000 	 14.000000 	 23.911304
16730.000000 	 100.000000 	 14.000000 	 24.144695
16740.000000 	 100.000000 	 14.000000 	 24.373562
16750.000000 	 100.000000 	 14.000000 	 24.597992
16760.000000 	 100.000000 	 14.000000 	 24.818071
16770.000000 	 100.000000 	 14.000000 	 25.033886
16780.000000 	 100.000000 	 14.000000 	 25.245516
16790.000000 	 100.000000 	 14.000000 	 25.453043
16800.000000 	 100.000000 	 14.000000 	 25.656549
16810.000000 	 100.000000 	 14.000000 	 25.856112
16820.000000 	 100.000000 	 14.000000 	 26.051804
16830.000000 	 100.000000 	 14.000000 	 26.243704
16840.000000 	 100.000000 	 14.000000 	 26.431885
16850.000000 	 100.000000 	 14.000000 	 26.616419
16860.000000 	 100.000000 	 14.000000 	 26.797375
16870.000000 	 100.000000 	 14.000000 	 26.974823
16880.000000 	 100.000000 	 14.000000 	 27.148832
16890.000000 	 100.000000 	 14.000000 	 27.319469
16900.000000 	 100.000000 	 14.000000 	 27.486797
16910.000000 	 100.000000 	 14.000000 	 27.650883
16920.000000 	 100.000000 	 14.000000 	 27.811789
16930.000000 	 100.000000 	 14.000000 	 27.969574
16940.000000 	 100.000000 	 14.000000 	 28.124302
16950.000000 	 100.000000 	 14.000000 	 28.276030
16960.000000 	 100.000000 	 14.000000 	 28.424816
16970.000000 	 100.000000 	 14.000000 	 28.570719
16980.000000 	 100.000000 	 14.000000 	 28.713793
16990.000000 	 100.000000 	 14.000000 	 28.854094
17000.000000 	 100.000000 	 14.000000 	 28.991676
17010.000000 	 100.000000 	 14.000000 	 29.126591
17020.000000 	 100.000000 	 14.000000 	 29.258892
17030.000000 	 100.000000 	 14.000000 	 29.388628
17040.000000 	 100.000000 	 14.000000 	 29.515850
17050.000000 	 100.000000 	 14.000000 	 29.640604
17060.000000 	 100.000000 	 14.000000 	 29.762941
17070.000000 	 100.000000 	 14.000000 	 29.882908
17080.000000 	 100.000000 	 14.000000 	 30.000547
17090.000000 	 100.000000 	 14.000000 	 30.115908
17100.000000 	 100.000000 	 14.000000 	 30.229033
17110.000000 	 100.000000 	 14.000000 	 30.339964
17120.000000 	 100.000000 	 14.000000 	 30.448746
17130.000000 	 53.762623 	 14.000000 	 30.555418
17140.000000 	 0.000000 	 14.000000 	 30.463280
17150.000000 	 0.000000 	 14.000000 	 30.144163
17160.000000 	 0.000000 	 14.000000 	 29.831234
17170.000000 	 0.000000 	 14.000000 	 29.524370
17180.000000 	 0.000000 	 14.000000 	 29.223454
17190.000000 	 0.000000 	 14.000000 	 28.928370
17200.000000 	 0.000000 	 14.000000 	 28.639008
17210.000000 	 0.000000 	 14.000000 	 28.355253
17220.000000 	 0.000000 	 14.000000 	 28.076998
17230.000000 	 0.000000 	 14.000000 	 27.804136
17240.000000 	 0.000000 	 14.000000 	 27.536566
17250.000000 	 0.000000 	 14.000000 	 27.274181
17260.000000 	 0.000000 	 14.000000 	 27.016882
17270.000000 	 0.000000 	 14.000000 	 26.764570
17280.000000 	 0.000000 	 14.000000 	 26.517149
17290.000000 	 0.000000 	 14.000000 	 26.274523
17300.000000 	 0.000000 	 14.000000 	 26.036600
17310.000000 	 0.000000 	 14.000000 	 25.803288
17320.000000 	 0.000000 	 14.000000 	 25.574499
17330.000000 	 0.000000 	 14.000000 	 25.350145
17340.000000 	 0.000000 	 14.000000 	 25.130142
17350.000000 	 0.000000 	 14.000000 	 24.914400
17360.000000 	 0.000000 	 14.000000 	 24.702841
17370.000000 	 0.000000 	 14.000000 	 24.495382
17380.000000 	 0.000000 	 14.000000 	 24.291946
17390.000000 	 0.000000 	 14.000000 	 24.092451
17400.000000 	 0.000000 	 14.000000 	 23.896824
17410.000000 	 0.000000 	 14.000000 	 23.704988
17420.000000 	 0.000000 	 14.000000 	 23.516872
17430.000000 	 0.000000 	 14.000000 	 23.332403
17440.000000 	 0.000000 	 14.000000 	 23.151508
17450.000000 	 0.000000 	 14.000000 	 22.974119
17460.000000 	 0.000000 	 14.000000 	 22.800169
17470.000000 	 0.000000 	 14.000000 	 22.629593
17480.000000 	 0.000000 	 14.000000 	 22.462322
17490.000000 	 0.000000 	 14.000000 	 22.298294
17500.000000 	 52.140469 	 14.000000 	 22.137444
17510.000000 	 100.000000 	 14.000000 	 22.201572
17520.000000 	 100.000000 	 14.000000 	 22.468102
17530.000000 	 100.000000 	 14.000000 	 22.729467
17540.000000 	 100.000000 	 14.000000 	 22.985765
17550.000000 	 100.000000 	 14.000000 	 23.237097
17560.000000 	 100.000000 	 14.000000 	 23.483555
17570.000000 	 100.000000 	 14.000000 	 23.725237
17580.000000 	 100.000000 	 14.000000 	 23.962233
17590.000000 	 100.000000 	 14.000000 	 24.194635
17600.000000 	 100.000000 	 14.000000 	 24.422533
17610.000000 	 100.000000 	 14.000000 	 24.646013
17620.000000 	 100.000000 	 14.000000 	 24.865164
17630.000000 	 100.000000 	 14.000000 	 25.080067
17640.000000 	 100.000000 	 14.000000 	 25.290802
17650.000000 	 100.000000 	 14.000000 	 25.497454
17660.000000 	 100.000000 	 14.000000 	 25.700098
17670.000000 	 100.000000 	 14.000000 	 25.898817
17680.000000 	 100.000000 	 14.000000 	 26.093683
17690.000000 	 100.000000 	 14.000000 	 26.284773
17700.000000 	 100.000000 	 14.000000 	 26.472157
17710.000000 	 100.000000 	 14.000000 	 26.655909
17720.000000 	 100.000000 	 14.000000 	 26.836098
17730.000000 	 100.000000 	 14.000000 	 27.012794
17740.000000 	 100.000000 	 14.000000 	 27.186068
17750.000000 	 100.000000 	 14.000000 	 27.355980
17760.000000 	 100.000000 	 14.000000 	 27.522600
17770.000000 	 100.000000 	 14.000000 	 27.685991
17780.000000 	 100.000000 	 14.000000 	 27.846214
17790.000000 	 100.000000 	 14.000000 	 28.003332
17800.000000 	 100.000000 	 14.000000 	 28.157406
17810.000000 	 100.000000 	 14.000000 	 28.308491
17820.000000 	 100.000000 	 14.000000 	 28.456648
17830.000000 	 100.000000 	 14.000000 	 28.601934
17840.000000 	 100.000000 	 14.000000 	 28.744404
17850.000000 	 100.000000 	 14.000000 	 28.884113
17860.000000 	 100.000000 	 14.000000 	 29.021112
17870.000000 	 100.000000 	 14.000000 	 29.155458
17880.000000 	 100.000000 	 14.000000 	 29.287199
17890.000000 	 100.000000 	 14.000000 	 29.416388
17900.000000 	 100.000000 	 14.000000 	 29.543070
17910.000000 	 100.000000 	 14.000000 	 29.667297
17920.000000 	 100.000000 	 14.000000 	 29.789116
17930.000000 	 100.000000 	 14.000000 	 29.908573
17940.000000 	 100.000000 	 14.000000 	 30.025717
17950.000000 	 100.000000 	 14.000000 	 30.140589
17960.000000 	 100.000000 	 14.000000 	 30.253233
17970.000000 	 100.000000 	 14.000000 	 30.363693
17980.000000 	 100.000000 	 14.000000 	 30.472013
17990.000000 	 33.756992 	 14.000000 	 30.578236
18000.000000 	 0.000000 	 14.000000 	 30.400530
18010.000000 	 0.000000 	 14.000000 	 30.082630
18020.000000 	 0.000000 	 14.000000 	 29.770893
18030.000000 	 0.000000 	 14.000000 	 29.465199
18040.000000 	 0.000000 	 14.000000 	 29.165428
18050.000000 	 0.000000 	 14.000000 	 28.871469
18060.000000 	 0.000000 	 14.000000 	 28.583208
18070.000000 	 0.000000 	 14.000000 	 28.300535
18080.000000 	 0.000000 	 14.000000 	 28.023340
18090.000000 	 0.000000 	 14.000000 	 27.751520
18100.000000 	 0.000000 	 14.000000 	 27.484970
18110.000000 	 0.000000 	 14.000000 	 27.223585
18120.000000 	 0.000000 	 14.000000 	 26.967266
18130.000000 	 0.000000 	 14.000000 	 26.715916
18140.000000 	 0.000000 	 14.000000 	 26.469437
18150.000000 	 0.000000 	 14.000000 	 26.227737
18160.000000 	 0.000000 	 14.000000 	 25.990723
18170.000000 	 0.000000 	 14.000000 	 25.758301
18180.000000 	 0.000000 	 14.000000 	 25.530384
18190.000000 	 0.000000 	 14.000000 	 25.306885
18200.000000 	 0.000000 	 14.000000 	 25.087719
18210.000000 	 0.000000 	 14.000000 	 24.872801
18220.000000 	 0.000000 	 14.000000 	 24.662048
18230.000000 	 0.000000 	 14.000000 	 24.455381
18240.000000 	 0.000000 	 14.000000 	 24.252720
18250.000000 	 0.000000 	 14.000000 	 24.053988
18260.000000 	 0.000000 	 14.000000 	 23.859108
18270.000000 	 0.000000 	 14.000000 	 23.668003
18280.000000 	 0.000000 	 14.000000 	 23.480604
18290.000000 	 0.000000 	 14.000000 	 23.296839
18300.000000 	 0.000000 	 14.000000 	 23.116634
18310.000000 	 0.000000 	 14.000000 	 22.939922
18320.000000 	 0.000000 	 14.000000 	 22.766636
18330.000000 	 0.000000 	 14.000000 	 22.596708
18340.000000 	 0.000000 	 14.000000 	 22.430075
18350.000000 	 0.000000 	 14.000000 	 22.266670
18360.000000 	 66.801048 	 14.000000 	 22.106432
18370.000000 	 100.000000 	 14.000000 	 22.233543
18380.000000 	 100.000000 	 14.000000 	 22.499453
18390.000000 	 100.000000 	 14.000000 	 22.760210
18400.000000 	 100.000000 	 14.000000 	 23.015911
18410.000000 	 100.000000 	 14.000000 	 23.266657
18420.000000 	 100.000000 	 14.000000 	 23.512543
18430.000000 	 100.000000 	 14.000000 	 23.753662
18440.000000 	 100.000000 	 14.000000 	 23.990108
18450.000000 	 100.000000 	 14.000000 	 24.221972
18460.000000 	 100.000000 	 14.000000 	 24.449339
18470.000000 	 100.000000 	 14.000000 	 24.672300
18480.000000 	 100.000000 	 14.000000 	 24.890940
18490.000000 	 100.000000 	 14.000000 	 25.105341
18500.000000 	 100.000000 	 14.000000 	 25.315588
18510.000000 	 100.000000 	 14.000000 	 25.521759
18520.000000 	 100.000000 	 14.000000 	 25.723932
18530.000000 	 100.000000 	 14.000000 	 25.922186
18540.000000 	 100.000000 	 14.000000 	 26.116598
18550.000000 	 100.000000 	 14.000000 	 26.307241
18560.000000 	 100.000000 	 14.000000 	 26.494190
18570.000000 	 100.000000 	 14.000000 	 26.677515
18580.000000 	 100.000000 	 14.000000 	 26.857286
18590.000000 	 100.000000 	 14.000000 	 27.033575
18600.000000 	 100.000000 	 14.000000 	 27.206446
18610.000000 	 100.000000 	 14.000000 	 27.375965
18620.000000 	 100.000000 	 14.000000 	 27.542198
18630.000000 	 100.000000 	 14.000000 	 27.705210
18640.000000 	 100.000000 	 14.000000 	 27.865061
18650.000000 	 100.000000 	 14.000000 	 28.021814
18660.000000 	 100.000000 	 14.000000 	 28.175528
18670.000000 	 100.000000 	 14.000000 	 28.326263
18680.000000 	 100.000000 	 14.000000 	 28.474077
18690.000000 	 100.000000 	 14.000000 	 28.619024
18700.000000 	 100.000000 	 14.000000 	 28.761164
18710.000000 	 100.000000 	 14.000000 	 28.900549
18720.000000 	 100.000000 	 14.000000 	 29.037231
18730.000000 	 100.000000 	 14.000000 	 29.171263
18740.000000 	 100.000000 	 14.000000 	 29.302696
18750.000000 	 100.000000 	 14.000000 	 29.431581
18760.000000 	 100.000000 	 14.000000 	 29.557970
18770.000000 	 100.000000 	 14.000000 	 29.681908
18780.000000 	 100.000000 	 14.000000 	 29.803444
18790.000000 	 100.000000 	 14.000000 	 29.922623
18800.000000 	 100.000000 	 14.000000 	 30.039492
18810.000000 	 100.000000 	 14.000000 	 30.154097
18820.000000 	 100.000000 	 14.000000 	 30.266481
18830.000000 	 100.000000 	 14.000000 	 30.376686
18840.000000 	 100.000000 	 14.000000 	 30.484756
18850.000000 	 22.805840 	 14.000000 	 30.590731
18860.000000 	 0.000000 	 14.000000 	 30.366186
18870.000000 	 0.000000 	 14.000000 	 30.048952
18880.000000 	 0.000000 	 14.000000 	 29.737867
18890.000000 	 0.000000 	 14.000000 	 29.432814
18900.000000 	 0.000000 	 14.000000 	 29.133673
18910.000000 	 0.000000 	 14.000000 	 28.840330
18920.000000 	 0.000000 	 14.000000 	 28.552673
18930.000000 	 0.000000 	 14.000000 	 28.270594
18940.000000 	 0.000000 	 14.000000 	 27.993979
18950.000000 	 0.000000 	 14.000000 	 27.722727
18960.000000 	 0.000000 	 14.000000 	 27.456734
18970.000000 	 0.000000 	 14.000000 	 27.195894
18980.000000 	 0.000000 	 14.000000 	 26.940113
18990.000000 	 0.000000 	 14.000000 	 26.689289
19000.000000 	 0.000000 	 14.000000 	 26.443325
19010.000000 	 0.000000 	 14.000000 	 26.202131
19020.000000 	 0.000000 	 14.000000 	 25.965611
19030.000000 	 0.000000 	 14.000000 	 25.733677
19040.000000 	 0.000000 	 14.000000 	 25.506237
19050.000000 	 0.000000 	 14.000000 	 25.283207
19060.000000 	 0.000000 	 14.000000 	 25.064499
19070.000000 	 0.000000 	 14.000000 	 24.850031
19080.000000 	 0.000000 	 14.000000 	 24.639719
19090.000000 	 0.000000 	 14.000000 	 24.433485
19100.000000 	 0.000000 	 14.000000 	 24.231247
19110.000000 	 0.000000 	 14.000000 	 24.032928
19120.000000 	 0.000000 	 14.000000 	 23.838455
19130.000000 	 0.000000 	 14.000000 	 23.647751
19140.000000 	 0.000000 	 14.000000 	 23.460743
19150.000000 	 0.000000 	 14.000000 	 23.277363
19160.000000 	 0.000000 	 14.000000 	 23.097534
19170.000000 	 0.000000 	 14.000000 	 22.921194
19180.000000 	 0.000000 	 14.000000 	 22.748270
19190.000000 	 0.000000 	 14.000000 	 22.578699
19200.000000 	 0.000000 	 14.000000 	 22.412415
19210.000000 	 0.000000 	 14.000000 	 22.249353
19220.000000 	 74.825699 	 14.000000 	 22.089453
19230.000000 	 100.000000 	 14.000000 	 22.251040
19240.000000 	 100.000000 	 14.000000 	 22.516611
19250.000000 	 100.000000 	 14.000000 	 22.777035
19260.000000 	 100.000000 	 14.000000 	 23.032412
19270.000000 	 100.000000 	 14.000000 	 23.282837
19280.000000 	 100.000000 	 14.000000 	 23.528410
19290.000000 	 100.000000 	 14.000000 	 23.769222
19300.000000 	 100.000000 	 14.000000 	 24.005367
19310.000000 	 100.000000 	 14.000000 	 24.236935
19320.000000 	 100.000000 	 14.000000 	 24.464014
19330.000000 	 100.000000 	 14.000000 	 24.686691
19340.000000 	 100.000000 	 14.000000 	 24.905052
19350.000000 	 100.000000 	 14.000000 	 25.119181
19360.000000 	 100.000000 	 14.000000 	 25.329157
19370.000000 	 100.000000 	 14.000000 	 25.535065
19380.000000 	 100.000000 	 14.000000 	 25.736980
19390.000000 	 100.0